0.100000
0.669665 0.778000
0.817091 0.820000
0.842079 0.836000
0.857571 0.843000
0.863068 0.847000
0.870065 0.851000
0.871064 0.853000
0.875062 0.855000
0.875562 0.857000
0.878061 0.858000
0.880560 0.855000
0.882559 0.854000
0.885557 0.854000
0.887056 0.854000
0.887556 0.853000
0.889555 0.853000
0.891554 0.851000
0.891554 0.851000
0.892554 0.851000
0.894553 0.851000
0.895552 0.851000
0.896052 0.851000
0.898551 0.853000
0.899050 0.854000
0.900050 0.855000
0.902049 0.854000
0.902049 0.854000
0.902549 0.855000
0.903548 0.856000
0.904048 0.856000
0.903548 0.855000
0.903548 0.855000
0.903548 0.856000
0.904548 0.857000
0.906547 0.857000
0.906547 0.857000
0.907546 0.856000
0.907046 0.855000
0.906547 0.855000
0.907546 0.855000
0.908046 0.855000
0.908546 0.855000
0.908546 0.855000
0.909545 0.855000
0.909545 0.854000
0.910545 0.855000
0.911044 0.855000
0.911044 0.854000
0.911044 0.853000
0.911044 0.853000
0.911044 0.854000
0.911044 0.854000
0.911544 0.854000
0.911044 0.854000
0.911044 0.854000
0.911544 0.854000
0.912544 0.854000
0.912544 0.854000
0.912044 0.856000
0.913043 0.856000
0.913543 0.856000
0.913543 0.856000
0.913543 0.856000
0.913543 0.856000
0.913543 0.856000
0.913543 0.856000
0.914043 0.856000
0.914043 0.857000
0.914543 0.857000
0.915042 0.857000
0.915042 0.857000
0.915042 0.858000
0.915042 0.858000
0.915042 0.858000
0.914543 0.858000
0.914543 0.858000
0.914543 0.857000
0.914543 0.858000
0.915042 0.858000
0.915542 0.858000
0.916042 0.858000
0.916542 0.858000
0.916542 0.858000
0.917041 0.858000
0.916542 0.857000
0.916542 0.857000
0.916542 0.857000
0.916542 0.858000
0.916542 0.858000
0.916542 0.858000
0.916542 0.858000
0.916542 0.858000
0.916542 0.858000
0.917041 0.858000
0.917041 0.858000
0.917541 0.858000
0.917541 0.858000
0.917541 0.858000
0.918041 0.858000
0.918541 0.858000
correct: 905 out of 1000 (90.5%)
