fas% python nn_34.py --enable-stopping -l 0.5 --hidden=15
Loading training-2000.txt...done.
Loading validation-1000.txt...done.
Loading test-1000.txt...done.
Adding a hidden layer with 15 units
[distributed]
10 0.914543 0.856000 0.915000
10 0.904548 0.856000 0.909000
10 0.905047 0.869000 0.907000
10 0.908046 0.865000 0.910000
10 0.912044 0.868000 0.917000
10 0.908546 0.876000 0.915000


fas% python nn_34.py --enable-stopping -l 0.5 --hidden=15
Loading training-2000.txt...done.
Loading validation-1000.txt...done.
Loading test-1000.txt...done.
Adding a hidden layer with 15 units
[distributed]
9 0.899550 0.836000 0.905000
9 0.907546 0.856000 0.908000
10 0.910545 0.874000 0.922000
9 0.901549 0.864000 0.922000
10 0.899550 0.853000 0.906000


ice% python nn_34.py --enable-stopping -l 0.5 --hidden=30
Loading training-2000.txt...done.
Loading validation-1000.txt...done.
Loading test-1000.txt...done.
Adding a hidden layer with 30 units
[distributed]
10 0.917041 0.882000 0.922000
10 0.918041 0.871000 0.919000
10 0.921539 0.869000 0.920000
10 0.918041 0.878000 0.919000
10 0.922039 0.872000 0.917000
10 0.916542 0.876000 0.913000
10 0.917041 0.885000 0.922000


ice% python nn_34.py --enable-stopping -l 0.5 --hidden=30
Loading training-2000.txt...done.
Loading validation-1000.txt...done.
Loading test-1000.txt...done.
Adding a hidden layer with 30 units
[distributed]
10 0.915542 0.870000 0.920000
10 0.916542 0.879000 0.922000
10 0.916542 0.877000 0.922000
10 0.921539 0.873000 0.916000
10 0.915042 0.868000 0.923000


ice% python nn_34.py --enable-stopping -l 0.5 
Loading training-2000.txt...done.
Loading validation-1000.txt...done.
Loading test-1000.txt...done.
[distributed]
6 0.881559 0.837000 0.889000
6 0.881559 0.835000 0.889000
6 0.881059 0.835000 0.889000
6 0.881559 0.836000 0.889000
6 0.880560 0.835000 0.889000
6 0.881559 0.836000 0.889000
6 0.882059 0.835000 0.889000
6 0.881559 0.835000 0.889000
6 0.882059 0.835000 0.889000
6 0.881059 0.836000 0.889000
6 0.881059 0.835000 0.889000
6 0.880560 0.835000 0.889000
6 0.880560 0.836000 0.889000
6 0.881059 0.836000 0.889000
6 0.881559 0.836000 0.889000
6 0.882059 0.835000 0.889000
6 0.881559 0.834000 0.889000
6 0.881059 0.834000 0.889000
6 0.881559 0.836000 0.889000
6 0.881559 0.834000 0.889000
6 0.881559 0.835000 0.889000
6 0.881059 0.835000 0.889000
6 0.882059 0.834000 0.889000
6 0.881559 0.836000 0.889000
6 0.881059 0.835000 0.889000
6 0.881059 0.834000 0.889000
6 0.882059 0.836000 0.889000
6 0.882559 0.835000 0.889000
6 0.880560 0.834000 0.889000
6 0.880560 0.835000 0.889000
6 0.881559 0.834000 0.889000
6 0.881059 0.835000 0.889000
6 0.880560 0.835000 0.889000
6 0.881559 0.834000 0.889000



