NO HIDDEN

1 0.742129 0.821000
2 0.835082 0.833000
3 0.854073 0.833000
4 0.867566 0.833000
5 0.879560 0.834000
6 0.881559 0.834000
7 0.888556 0.840000
8 0.891054 0.839000
9 0.893053 0.840000
10 0.893553 0.839000
1 0.741629 0.822000
2 0.835082 0.833000
3 0.852574 0.833000
4 0.867566 0.833000
5 0.879560 0.834000
6 0.881559 0.836000
7 0.888556 0.840000
8 0.890555 0.839000
9 0.893053 0.839000
10 0.893553 0.839000
1 0.742129 0.822000
2 0.834083 0.833000
3 0.853073 0.833000
4 0.867566 0.833000
5 0.879560 0.834000
6 0.880560 0.835000
7 0.888056 0.839000
8 0.890555 0.839000
9 0.893053 0.839000
10 0.893553 0.839000



15 HIDDEN


1 0.166917 0.336000
2 0.597201 0.699000
3 0.746127 0.763000
4 0.821089 0.817000
5 0.856072 0.842000
6 0.873563 0.855000
7 0.886557 0.858000
8 0.895052 0.862000
9 0.897551 0.867000
10 0.905047 0.869000
1 0.163418 0.319000
2 0.604198 0.715000
3 0.771114 0.775000
4 0.831584 0.822000
5 0.858571 0.837000
6 0.878561 0.851000
7 0.888556 0.858000
8 0.895552 0.863000
9 0.901049 0.865000
10 0.907546 0.864000
1 0.164418 0.327000
2 0.592204 0.697000
3 0.761119 0.774000
4 0.834083 0.833000
5 0.863068 0.852000
6 0.877561 0.856000
7 0.887056 0.860000
8 0.894553 0.866000
9 0.899050 0.874000
10 0.902049 0.878000
1 0.163918 0.339000
2 0.606197 0.731000
3 0.767116 0.766000
4 0.834583 0.824000
5 0.862069 0.838000
6 0.881059 0.849000
7 0.893553 0.849000
8 0.897551 0.858000
9 0.906547 0.863000
10 0.915042 0.865000
1 0.161419 0.315000
2 0.598201 0.696000
3 0.754123 0.787000
4 0.825087 0.828000
5 0.849075 0.841000
6 0.870565 0.847000
7 0.886057 0.850000
8 0.899550 0.852000
9 0.902549 0.854000
10 0.906047 0.855000
1 0.154423 0.315000
2 0.612694 0.715000
3 0.756622 0.769000
4 0.824088 0.822000
5 0.848576 0.842000
6 0.867566 0.851000
7 0.879060 0.857000
8 0.888556 0.865000
9 0.897051 0.874000
10 0.905547 0.878000

30 HIDDEN

1 0.174913 0.354000
2 0.614193 0.714000
3 0.783108 0.790000
4 0.837081 0.838000
5 0.870065 0.849000
6 0.886557 0.852000
7 0.895552 0.853000
8 0.903548 0.858000
9 0.908046 0.870000
10 0.915042 0.878000
1 0.171414 0.352000
2 0.629185 0.721000
3 0.788606 0.800000
4 0.838081 0.838000
5 0.869065 0.838000
6 0.885057 0.843000
7 0.896552 0.846000
8 0.904048 0.855000
9 0.913043 0.862000
10 0.919040 0.875000
1 0.167416 0.361000
2 0.618191 0.717000
3 0.775612 0.792000
4 0.843578 0.842000
5 0.867066 0.855000
6 0.887556 0.858000
7 0.901549 0.857000
8 0.908546 0.863000
9 0.913543 0.865000
10 0.919040 0.868000

