-25 0 44
-25 1 38
-25 -1 55
-25 10 41
-25 -10 27
-25 11 42
-25 -11 35
-25 12 43
-25 -12 29
-25 13 49
-25 -13 41
-25 14 22
-25 -14 40
-25 15 36
-25 -15 31
-25 16 38
-25 -16 40
-25 17 22
-25 -17 33
-25 18 23
-25 -18 23
-25 19 30
-25 -19 36
-25 2 46
-25 -2 46
-25 20 21
-25 -20 21
-25 21 35
-25 -21 28
-25 22 20
-25 -22 30
-25 23 23
-25 -23 16
-25 24 21
-25 -24 27
-25 25 26
-25 -25 17
-25 3 44
-25 -3 40
-25 4 45
-25 -4 35
-25 5 49
-25 -5 37
-25 6 41
-25 -6 47
-25 7 31
-25 -7 44
-25 8 49
-25 -8 34
-25 9 30
-25 -9 38
-24 0 45
-24 1 35
-24 -1 39
-24 10 47
-24 -10 52
-24 11 47
-24 -11 46
-24 12 37
-24 -12 46
-24 13 45
-24 -13 38
-24 14 39
-24 -14 43
-24 15 42
-24 -15 28
-24 16 42
-24 -16 36
-24 17 40
-24 -17 27
-24 18 37
-24 -18 27
-24 19 26
-24 -19 32
-24 2 51
-24 -2 44
-24 20 28
-24 -20 31
-24 21 34
-24 -21 29
-24 22 19
-24 -22 28
-24 23 30
-24 -23 33
-24 24 25
-24 -24 29
-24 25 22
-24 -25 23
-24 3 43
-24 -3 47
-24 4 45
-24 -4 55
-24 5 45
-24 -5 37
-24 6 51
-24 -6 49
-24 7 44
-24 -7 46
-24 8 41
-24 -8 39
-24 9 55
-24 -9 32
-23 0 38
-23 1 61
-23 -1 40
-23 10 49
-23 -10 44
-23 11 51
-23 -11 40
-23 12 48
-23 -12 41
-23 13 32
-23 -13 46
-23 14 35
-23 -14 37
-23 15 52
-23 -15 36
-23 16 39
-23 -16 29
-23 17 32
-23 -17 32
-23 18 29
-23 -18 33
-23 19 33
-23 -19 30
-23 2 42
-23 -2 51
-23 20 42
-23 -20 23
-23 21 36
-23 -21 31
-23 22 39
-23 -22 29
-23 23 33
-23 -23 20
-23 24 17
-23 -24 27
-23 25 25
-23 -25 25
-23 3 43
-23 -3 39
-23 4 58
-23 -4 46
-23 5 50
-23 -5 37
-23 6 38
-23 -6 47
-23 7 44
-23 -7 32
-23 8 54
-23 -8 47
-23 9 40
-23 -9 41
-22 0 59
-22 1 48
-22 -1 51
-22 10 51
-22 -10 50
-22 11 50
-22 -11 47
-22 12 67
-22 -12 38
-22 13 59
-22 -13 43
-22 14 47
-22 -14 40
-22 15 30
-22 -15 46
-22 16 48
-22 -16 41
-22 17 43
-22 -17 39
-22 18 42
-22 -18 40
-22 19 40
-22 -19 32
-22 2 57
-22 -2 54
-22 20 38
-22 -20 38
-22 21 26
-22 -21 42
-22 22 27
-22 -22 35
-22 23 21
-22 -23 29
-22 24 30
-22 -24 22
-22 25 32
-22 -25 29
-22 3 62
-22 -3 63
-22 4 59
-22 -4 67
-22 5 62
-22 -5 55
-22 6 47
-22 -6 60
-22 7 47
-22 -7 49
-22 8 55
-22 -8 43
-22 9 52
-22 -9 37
-21 0 73
-21 1 51
-21 -1 61
-21 10 50
-21 -10 51
-21 11 55
-21 -11 50
-21 12 43
-21 -12 60
-21 13 50
-21 -13 42
-21 14 39
-21 -14 51
-21 15 47
-21 -15 30
-21 16 50
-21 -16 46
-21 17 43
-21 -17 41
-21 18 30
-21 -18 34
-21 19 34
-21 -19 29
-21 2 59
-21 -2 69
-21 20 28
-21 -20 24
-21 21 39
-21 -21 39
-21 22 33
-21 -22 32
-21 23 24
-21 -23 20
-21 24 22
-21 -24 23
-21 25 22
-21 -25 34
-21 3 57
-21 -3 56
-21 4 57
-21 -4 58
-21 5 76
-21 -5 54
-21 6 62
-21 -6 62
-21 7 56
-21 -7 40
-21 8 46
-21 -8 57
-21 9 35
-21 -9 50
-20 0 59
-20 1 64
-20 -1 57
-20 10 70
-20 -10 47
-20 11 72
-20 -11 63
-20 12 61
-20 -12 47
-20 13 53
-20 -13 45
-20 14 49
-20 -14 49
-20 15 56
-20 -15 42
-20 16 38
-20 -16 45
-20 17 40
-20 -17 49
-20 18 43
-20 -18 33
-20 19 38
-20 -19 36
-20 2 66
-20 -2 57
-20 20 52
-20 -20 40
-20 21 48
-20 -21 39
-20 22 34
-20 -22 29
-20 23 34
-20 -23 35
-20 24 36
-20 -24 36
-20 25 26
-20 -25 23
-20 3 70
-20 -3 52
-20 4 63
-20 -4 68
-20 5 60
-20 -5 67
-20 6 64
-20 -6 56
-20 7 68
-20 -7 63
-20 8 77
-20 -8 56
-20 9 65
-20 -9 55
-19 0 69
-19 1 76
-19 -1 60
-19 10 61
-19 -10 51
-19 11 72
-19 -11 59
-19 12 71
-19 -12 56
-19 13 54
-19 -13 45
-19 14 63
-19 -14 45
-19 15 36
-19 -15 41
-19 16 61
-19 -16 33
-19 17 39
-19 -17 38
-19 18 42
-19 -18 47
-19 19 44
-19 -19 30
-19 2 69
-19 -2 75
-19 20 43
-19 -20 29
-19 21 29
-19 -21 34
-19 22 45
-19 -22 39
-19 23 26
-19 -23 30
-19 24 34
-19 -24 34
-19 25 32
-19 -25 35
-19 3 70
-19 -3 56
-19 4 65
-19 -4 67
-19 5 70
-19 -5 69
-19 6 68
-19 -6 82
-19 7 87
-19 -7 54
-19 8 70
-19 -8 73
-19 9 56
-19 -9 51
-18 0 88
-18 1 74
-18 -1 89
-18 10 70
-18 -10 57
-18 11 66
-18 -11 66
-18 12 65
-18 -12 60
-18 13 62
-18 -13 68
-18 14 72
-18 -14 57
-18 15 67
-18 -15 49
-18 16 76
-18 -16 45
-18 17 55
-18 -17 33
-18 18 48
-18 -18 46
-18 19 50
-18 -19 31
-18 2 79
-18 -2 76
-18 20 48
-18 -20 37
-18 21 54
-18 -21 28
-18 22 39
-18 -22 20
-18 23 40
-18 -23 43
-18 24 39
-18 -24 34
-18 25 24
-18 -25 46
-18 3 75
-18 -3 72
-18 4 83
-18 -4 69
-18 5 57
-18 -5 72
-18 6 74
-18 -6 86
-18 7 80
-18 -7 71
-18 8 75
-18 -8 76
-18 9 69
-18 -9 72
-17 0 88
-17 1 87
-17 -1 97
-17 10 69
-17 -10 62
-17 11 80
-17 -11 70
-17 12 67
-17 -12 65
-17 13 66
-17 -13 69
-17 14 63
-17 -14 59
-17 15 71
-17 -15 64
-17 16 64
-17 -16 55
-17 17 67
-17 -17 60
-17 18 49
-17 -18 40
-17 19 39
-17 -19 50
-17 2 66
-17 -2 87
-17 20 42
-17 -20 40
-17 21 42
-17 -21 40
-17 22 35
-17 -22 46
-17 23 37
-17 -23 33
-17 24 43
-17 -24 26
-17 25 28
-17 -25 28
-17 3 86
-17 -3 94
-17 4 75
-17 -4 85
-17 5 72
-17 -5 91
-17 6 94
-17 -6 86
-17 7 94
-17 -7 81
-17 8 95
-17 -8 76
-17 9 88
-17 -9 81
-16 0 102
-16 1 105
-16 -1 100
-16 10 99
-16 -10 86
-16 11 84
-16 -11 84
-16 12 81
-16 -12 83
-16 13 91
-16 -13 72
-16 14 88
-16 -14 63
-16 15 72
-16 -15 52
-16 16 66
-16 -16 56
-16 17 63
-16 -17 48
-16 18 51
-16 -18 52
-16 19 43
-16 -19 47
-16 2 105
-16 -2 99
-16 20 54
-16 -20 37
-16 21 38
-16 -21 41
-16 22 43
-16 -22 30
-16 23 29
-16 -23 26
-16 24 30
-16 -24 44
-16 25 31
-16 -25 28
-16 3 104
-16 -3 92
-16 4 97
-16 -4 114
-16 5 107
-16 -5 112
-16 6 108
-16 -6 106
-16 7 91
-16 -7 99
-16 8 88
-16 -8 87
-16 9 92
-16 -9 98
-15 0 124
-15 1 140
-15 -1 119
-15 10 119
-15 -10 127
-15 11 112
-15 -11 101
-15 12 107
-15 -12 102
-15 13 88
-15 -13 82
-15 14 99
-15 -14 80
-15 15 92
-15 -15 76
-15 16 65
-15 -16 60
-15 17 54
-15 -17 51
-15 18 66
-15 -18 47
-15 19 47
-15 -19 33
-15 2 109
-15 -2 128
-15 20 47
-15 -20 47
-15 21 49
-15 -21 48
-15 22 42
-15 -22 32
-15 23 42
-15 -23 26
-15 24 45
-15 -24 48
-15 25 39
-15 -25 31
-15 3 101
-15 -3 147
-15 4 114
-15 -4 108
-15 5 125
-15 -5 127
-15 6 121
-15 -6 112
-15 7 116
-15 -7 107
-15 8 118
-15 -8 115
-15 9 96
-15 -9 102
-14 0 163
-14 1 144
-14 -1 181
-14 10 148
-14 -10 120
-14 11 135
-14 -11 118
-14 12 164
-14 -12 120
-14 13 144
-14 -13 114
-14 14 119
-14 -14 100
-14 15 86
-14 -15 84
-14 16 82
-14 -16 71
-14 17 70
-14 -17 55
-14 18 62
-14 -18 47
-14 19 61
-14 -19 41
-14 2 152
-14 -2 140
-14 20 52
-14 -20 54
-14 21 43
-14 -21 41
-14 22 43
-14 -22 36
-14 23 37
-14 -23 27
-14 24 39
-14 -24 50
-14 25 47
-14 -25 29
-14 3 150
-14 -3 142
-14 4 132
-14 -4 162
-14 5 140
-14 -5 156
-14 6 147
-14 -6 136
-14 7 150
-14 -7 144
-14 8 132
-14 -8 146
-14 9 143
-14 -9 154
-13 0 199
-13 1 207
-13 -1 176
-13 10 166
-13 -10 149
-13 11 149
-13 -11 166
-13 12 157
-13 -12 138
-13 13 141
-13 -13 146
-13 14 133
-13 -14 98
-13 15 111
-13 -15 81
-13 16 90
-13 -16 49
-13 17 73
-13 -17 68
-13 18 67
-13 -18 55
-13 19 61
-13 -19 48
-13 2 182
-13 -2 184
-13 20 54
-13 -20 41
-13 21 49
-13 -21 50
-13 22 46
-13 -22 49
-13 23 31
-13 -23 43
-13 24 37
-13 -24 36
-13 25 34
-13 -25 37
-13 3 171
-13 -3 164
-13 4 167
-13 -4 165
-13 5 185
-13 -5 177
-13 6 178
-13 -6 174
-13 7 166
-13 -7 176
-13 8 173
-13 -8 170
-13 9 158
-13 -9 160
-12 0 221
-12 1 206
-12 -1 230
-12 10 170
-12 -10 169
-12 11 142
-12 -11 160
-12 12 165
-12 -12 143
-12 13 155
-12 -13 123
-12 14 143
-12 -14 122
-12 15 144
-12 -15 90
-12 16 97
-12 -16 70
-12 17 80
-12 -17 63
-12 18 76
-12 -18 63
-12 19 66
-12 -19 60
-12 2 185
-12 -2 178
-12 20 47
-12 -20 40
-12 21 48
-12 -21 54
-12 22 48
-12 -22 45
-12 23 59
-12 -23 53
-12 24 46
-12 -24 32
-12 25 31
-12 -25 31
-12 3 181
-12 -3 203
-12 4 175
-12 -4 201
-12 5 154
-12 -5 211
-12 6 179
-12 -6 173
-12 7 180
-12 -7 175
-12 8 171
-12 -8 174
-12 9 184
-12 -9 157
-11 0 219
-11 1 190
-11 -1 205
-11 10 166
-11 -10 176
-11 11 168
-11 -11 158
-11 12 177
-11 -12 144
-11 13 152
-11 -13 138
-11 14 157
-11 -14 132
-11 15 141
-11 -15 96
-11 16 121
-11 -16 74
-11 17 95
-11 -17 58
-11 18 87
-11 -18 65
-11 19 63
-11 -19 50
-11 2 191
-11 -2 174
-11 20 63
-11 -20 46
-11 21 60
-11 -21 53
-11 22 51
-11 -22 47
-11 23 60
-11 -23 38
-11 24 55
-11 -24 52
-11 25 33
-11 -25 40
-11 3 196
-11 -3 174
-11 4 201
-11 -4 187
-11 5 194
-11 -5 192
-11 6 179
-11 -6 177
-11 7 187
-11 -7 172
-11 8 164
-11 -8 181
-11 9 178
-11 -9 172
-10 0 227
-10 1 215
-10 -1 221
-10 10 162
-10 -10 186
-10 11 182
-10 -11 165
-10 12 184
-10 -12 156
-10 13 181
-10 -13 146
-10 14 181
-10 -14 132
-10 15 118
-10 -15 98
-10 16 100
-10 -16 65
-10 17 93
-10 -17 57
-10 18 81
-10 -18 59
-10 19 74
-10 -19 58
-10 2 220
-10 -2 207
-10 20 69
-10 -20 60
-10 21 70
-10 -21 58
-10 22 51
-10 -22 51
-10 23 52
-10 -23 50
-10 24 55
-10 -24 43
-10 25 36
-10 -25 52
-10 3 205
-10 -3 193
-10 4 163
-10 -4 197
-10 5 203
-10 -5 179
-10 6 207
-10 -6 198
-10 7 212
-10 -7 179
-10 8 195
-10 -8 181
-10 9 210
-10 -9 202
-9 0 208
-9 1 204
-9 -1 238
-9 10 193
-9 -10 173
-9 11 187
-9 -11 173
-9 12 210
-9 -12 149
-9 13 187
-9 -13 155
-9 14 166
-9 -14 128
-9 15 169
-9 -15 101
-9 16 123
-9 -16 107
-9 17 92
-9 -17 81
-9 18 87
-9 -18 58
-9 19 55
-9 -19 53
-9 2 221
-9 -2 187
-9 20 56
-9 -20 55
-9 21 74
-9 -21 50
-9 22 56
-9 -22 43
-9 23 42
-9 -23 45
-9 24 47
-9 -24 38
-9 25 39
-9 -25 31
-9 3 202
-9 -3 205
-9 4 202
-9 -4 180
-9 5 203
-9 -5 204
-9 6 233
-9 -6 199
-9 7 202
-9 -7 182
-9 8 190
-9 -8 193
-9 9 179
-9 -9 184
-8 0 223
-8 1 224
-8 -1 216
-8 10 184
-8 -10 182
-8 11 184
-8 -11 167
-8 12 173
-8 -12 180
-8 13 185
-8 -13 144
-8 14 171
-8 -14 130
-8 15 162
-8 -15 115
-8 16 127
-8 -16 106
-8 17 94
-8 -17 79
-8 18 75
-8 -18 72
-8 19 70
-8 -19 76
-8 2 210
-8 -2 188
-8 20 62
-8 -20 55
-8 21 66
-8 -21 59
-8 22 59
-8 -22 51
-8 23 46
-8 -23 31
-8 24 48
-8 -24 34
-8 25 42
-8 -25 48
-8 3 216
-8 -3 204
-8 4 237
-8 -4 196
-8 5 216
-8 -5 177
-8 6 251
-8 -6 192
-8 7 201
-8 -7 185
-8 8 196
-8 -8 190
-8 9 192
-8 -9 157
-7 0 211
-7 1 220
-7 -1 207
-7 10 194
-7 -10 195
-7 11 186
-7 -11 183
-7 12 183
-7 -12 166
-7 13 191
-7 -13 155
-7 14 179
-7 -14 141
-7 15 152
-7 -15 107
-7 16 106
-7 -16 99
-7 17 80
-7 -17 75
-7 18 90
-7 -18 90
-7 19 79
-7 -19 54
-7 2 236
-7 -2 210
-7 20 59
-7 -20 63
-7 21 65
-7 -21 48
-7 22 55
-7 -22 51
-7 23 46
-7 -23 45
-7 24 56
-7 -24 32
-7 25 42
-7 -25 36
-7 3 207
-7 -3 208
-7 4 222
-7 -4 200
-7 5 226
-7 -5 207
-7 6 222
-7 -6 203
-7 7 229
-7 -7 226
-7 8 204
-7 -8 200
-7 9 210
-7 -9 203
-6 0 227
-6 1 242
-6 -1 221
-6 10 218
-6 -10 192
-6 11 206
-6 -11 174
-6 12 208
-6 -12 156
-6 13 205
-6 -13 156
-6 14 188
-6 -14 155
-6 15 158
-6 -15 137
-6 16 112
-6 -16 99
-6 17 105
-6 -17 104
-6 18 87
-6 -18 64
-6 19 78
-6 -19 56
-6 2 249
-6 -2 211
-6 20 77
-6 -20 41
-6 21 63
-6 -21 57
-6 22 58
-6 -22 50
-6 23 52
-6 -23 50
-6 24 52
-6 -24 44
-6 25 43
-6 -25 42
-6 3 247
-6 -3 222
-6 4 243
-6 -4 213
-6 5 227
-6 -5 195
-6 6 219
-6 -6 196
-6 7 222
-6 -7 221
-6 8 243
-6 -8 185
-6 9 197
-6 -9 218
-5 0 230
-5 1 254
-5 -1 238
-5 10 210
-5 -10 205
-5 11 201
-5 -11 188
-5 12 199
-5 -12 195
-5 13 185
-5 -13 180
-5 14 161
-5 -14 141
-5 15 145
-5 -15 125
-5 16 142
-5 -16 98
-5 17 92
-5 -17 89
-5 18 78
-5 -18 83
-5 19 71
-5 -19 61
-5 2 228
-5 -2 209
-5 20 84
-5 -20 67
-5 21 70
-5 -21 62
-5 22 56
-5 -22 55
-5 23 51
-5 -23 45
-5 24 52
-5 -24 57
-5 25 36
-5 -25 40
-5 3 227
-5 -3 222
-5 4 234
-5 -4 220
-5 5 220
-5 -5 211
-5 6 188
-5 -6 201
-5 7 217
-5 -7 196
-5 8 208
-5 -8 197
-5 9 217
-5 -9 221
-4 0 254
-4 1 261
-4 -1 238
-4 10 209
-4 -10 200
-4 11 209
-4 -11 203
-4 12 212
-4 -12 189
-4 13 209
-4 -13 195
-4 14 202
-4 -14 139
-4 15 164
-4 -15 117
-4 16 123
-4 -16 102
-4 17 96
-4 -17 89
-4 18 88
-4 -18 71
-4 19 83
-4 -19 80
-4 2 232
-4 -2 219
-4 20 68
-4 -20 63
-4 21 67
-4 -21 57
-4 22 66
-4 -22 70
-4 23 55
-4 -23 46
-4 24 64
-4 -24 45
-4 25 49
-4 -25 35
-4 3 235
-4 -3 225
-4 4 225
-4 -4 237
-4 5 237
-4 -5 240
-4 6 224
-4 -6 220
-4 7 216
-4 -7 236
-4 8 220
-4 -8 218
-4 9 241
-4 -9 204
-3 0 250
-3 1 242
-3 -1 261
-3 10 228
-3 -10 172
-3 11 230
-3 -11 198
-3 12 203
-3 -12 189
-3 13 201
-3 -13 190
-3 14 187
-3 -14 158
-3 15 162
-3 -15 133
-3 16 139
-3 -16 96
-3 17 113
-3 -17 81
-3 18 98
-3 -18 72
-3 19 85
-3 -19 73
-3 2 240
-3 -2 252
-3 20 85
-3 -20 72
-3 21 65
-3 -21 57
-3 22 76
-3 -22 51
-3 23 54
-3 -23 56
-3 24 43
-3 -24 49
-3 25 37
-3 -25 47
-3 3 235
-3 -3 242
-3 4 236
-3 -4 241
-3 5 218
-3 -5 217
-3 6 247
-3 -6 221
-3 7 201
-3 -7 203
-3 8 212
-3 -8 192
-3 9 203
-3 -9 185
-2 0 268
-2 1 256
-2 -1 266
-2 10 224
-2 -10 211
-2 11 216
-2 -11 203
-2 12 223
-2 -12 185
-2 13 233
-2 -13 198
-2 14 168
-2 -14 166
-2 15 160
-2 -15 117
-2 16 127
-2 -16 101
-2 17 116
-2 -17 83
-2 18 98
-2 -18 77
-2 19 79
-2 -19 73
-2 2 238
-2 -2 268
-2 20 71
-2 -20 70
-2 21 61
-2 -21 55
-2 22 57
-2 -22 50
-2 23 61
-2 -23 52
-2 24 68
-2 -24 46
-2 25 47
-2 -25 49
-2 3 236
-2 -3 246
-2 4 253
-2 -4 217
-2 5 223
-2 -5 221
-2 6 216
-2 -6 207
-2 7 217
-2 -7 230
-2 8 219
-2 -8 227
-2 9 207
-2 -9 228
-1 0 277
-1 1 263
-1 -1 263
-1 10 241
-1 -10 219
-1 11 245
-1 -11 210
-1 12 236
-1 -12 205
-1 13 214
-1 -13 188
-1 14 191
-1 -14 167
-1 15 152
-1 -15 135
-1 16 127
-1 -16 103
-1 17 110
-1 -17 91
-1 18 89
-1 -18 90
-1 19 82
-1 -19 53
-1 2 259
-1 -2 265
-1 20 85
-1 -20 62
-1 21 75
-1 -21 55
-1 22 56
-1 -22 50
-1 23 48
-1 -23 44
-1 24 59
-1 -24 46
-1 25 37
-1 -25 46
-1 3 259
-1 -3 251
-1 4 250
-1 -4 219
-1 5 239
-1 -5 216
-1 6 231
-1 -6 201
-1 7 228
-1 -7 199
-1 8 226
-1 -8 209
-1 9 232
-1 -9 222
0 0 310
0 1 312
0 -1 296
0 10 221
0 -10 238
0 11 224
0 -11 221
0 12 242
0 -12 195
0 13 229
0 -13 189
0 14 190
0 -14 159
0 15 180
0 -15 110
0 16 136
0 -16 112
0 17 120
0 -17 73
0 18 107
0 -18 84
0 19 96
0 -19 81
0 2 263
0 -2 274
0 20 65
0 -20 68
0 21 75
0 -21 55
0 22 66
0 -22 61
0 23 56
0 -23 49
0 24 45
0 -24 40
0 25 37
0 -25 58
0 3 273
0 -3 258
0 4 263
0 -4 242
0 5 244
0 -5 234
0 6 236
0 -6 269
0 7 236
0 -7 231
0 8 235
0 -8 226
0 9 240
0 -9 234
1 0 290
1 1 281
1 -1 278
1 10 220
1 -10 207
1 11 217
1 -11 217
1 12 239
1 -12 176
1 13 221
1 -13 176
1 14 202
1 -14 154
1 15 186
1 -15 126
1 16 119
1 -16 105
1 17 106
1 -17 100
1 18 90
1 -18 79
1 19 90
1 -19 75
1 2 261
1 -2 265
1 20 60
1 -20 70
1 21 77
1 -21 59
1 22 59
1 -22 50
1 23 59
1 -23 50
1 24 44
1 -24 45
1 25 40
1 -25 41
1 3 266
1 -3 255
1 4 279
1 -4 227
1 5 262
1 -5 235
1 6 230
1 -6 246
1 7 252
1 -7 239
1 8 234
1 -8 214
1 9 226
1 -9 212
2 0 273
2 1 269
2 -1 266
2 10 219
2 -10 216
2 11 217
2 -11 219
2 12 203
2 -12 169
2 13 203
2 -13 163
2 14 176
2 -14 147
2 15 171
2 -15 120
2 16 118
2 -16 103
2 17 108
2 -17 90
2 18 97
2 -18 67
2 19 82
2 -19 86
2 2 245
2 -2 259
2 20 83
2 -20 59
2 21 53
2 -21 63
2 22 64
2 -22 55
2 23 50
2 -23 71
2 24 53
2 -24 61
2 25 37
2 -25 43
2 3 262
2 -3 244
2 4 228
2 -4 236
2 5 247
2 -5 206
2 6 222
2 -6 237
2 7 218
2 -7 228
2 8 213
2 -8 204
2 9 242
2 -9 222
3 0 306
3 1 271
3 -1 255
3 10 222
3 -10 198
3 11 197
3 -11 198
3 12 226
3 -12 188
3 13 188
3 -13 158
3 14 197
3 -14 153
3 15 137
3 -15 128
3 16 101
3 -16 97
3 17 106
3 -17 85
3 18 102
3 -18 75
3 19 69
3 -19 74
3 2 231
3 -2 262
3 20 66
3 -20 76
3 21 58
3 -21 69
3 22 69
3 -22 55
3 23 51
3 -23 60
3 24 44
3 -24 47
3 25 45
3 -25 52
3 3 241
3 -3 228
3 4 234
3 -4 244
3 5 225
3 -5 241
3 6 226
3 -6 223
3 7 237
3 -7 217
3 8 223
3 -8 193
3 9 219
3 -9 204
4 0 262
4 1 219
4 -1 253
4 10 225
4 -10 194
4 11 195
4 -11 178
4 12 209
4 -12 167
4 13 195
4 -13 179
4 14 151
4 -14 150
4 15 131
4 -15 140
4 16 93
4 -16 102
4 17 119
4 -17 73
4 18 87
4 -18 77
4 19 82
4 -19 75
4 2 236
4 -2 248
4 20 62
4 -20 43
4 21 65
4 -21 59
4 22 62
4 -22 61
4 23 65
4 -23 49
4 24 41
4 -24 53
4 25 35
4 -25 49
4 3 219
4 -3 241
4 4 231
4 -4 231
4 5 235
4 -5 239
4 6 214
4 -6 216
4 7 222
4 -7 206
4 8 223
4 -8 177
4 9 197
4 -9 181
5 0 236
5 1 242
5 -1 256
5 10 205
5 -10 179
5 11 201
5 -11 170
5 12 184
5 -12 169
5 13 191
5 -13 163
5 14 193
5 -14 142
5 15 148
5 -15 107
5 16 113
5 -16 110
5 17 108
5 -17 86
5 18 104
5 -18 80
5 19 77
5 -19 64
5 2 230
5 -2 256
5 20 73
5 -20 73
5 21 53
5 -21 50
5 22 60
5 -22 48
5 23 44
5 -23 54
5 24 54
5 -24 38
5 25 27
5 -25 41
5 3 257
5 -3 238
5 4 260
5 -4 237
5 5 258
5 -5 210
5 6 220
5 -6 198
5 7 222
5 -7 200
5 8 197
5 -8 244
5 9 222
5 -9 212
6 0 242
6 1 244
6 -1 249
6 10 185
6 -10 213
6 11 202
6 -11 166
6 12 199
6 -12 196
6 13 182
6 -13 194
6 14 173
6 -14 130
6 15 157
6 -15 123
6 16 106
6 -16 105
6 17 81
6 -17 73
6 18 89
6 -18 81
6 19 78
6 -19 75
6 2 235
6 -2 257
6 20 77
6 -20 62
6 21 62
6 -21 49
6 22 74
6 -22 47
6 23 54
6 -23 44
6 24 56
6 -24 48
6 25 37
6 -25 38
6 3 255
6 -3 235
6 4 211
6 -4 230
6 5 234
6 -5 236
6 6 245
6 -6 186
6 7 224
6 -7 185
6 8 194
6 -8 209
6 9 217
6 -9 211
7 0 271
7 1 252
7 -1 245
7 10 229
7 -10 182
7 11 208
7 -11 169
7 12 193
7 -12 175
7 13 181
7 -13 180
7 14 163
7 -14 146
7 15 139
7 -15 132
7 16 123
7 -16 85
7 17 90
7 -17 91
7 18 80
7 -18 64
7 19 74
7 -19 61
7 2 254
7 -2 226
7 20 65
7 -20 76
7 21 76
7 -21 50
7 22 54
7 -22 59
7 23 54
7 -23 45
7 24 37
7 -24 39
7 25 48
7 -25 43
7 3 239
7 -3 225
7 4 238
7 -4 248
7 5 220
7 -5 229
7 6 225
7 -6 219
7 7 204
7 -7 217
7 8 212
7 -8 219
7 9 205
7 -9 228
8 0 277
8 1 238
8 -1 273
8 10 223
8 -10 191
8 11 196
8 -11 213
8 12 200
8 -12 160
8 13 178
8 -13 156
8 14 179
8 -14 159
8 15 161
8 -15 113
8 16 124
8 -16 91
8 17 91
8 -17 76
8 18 89
8 -18 64
8 19 75
8 -19 63
8 2 237
8 -2 244
8 20 63
8 -20 74
8 21 59
8 -21 60
8 22 61
8 -22 56
8 23 50
8 -23 44
8 24 62
8 -24 43
8 25 42
8 -25 45
8 3 234
8 -3 255
8 4 243
8 -4 226
8 5 232
8 -5 214
8 6 204
8 -6 217
8 7 213
8 -7 213
8 8 206
8 -8 195
8 9 197
8 -9 178
9 0 275
9 1 249
9 -1 251
9 10 203
9 -10 191
9 11 161
9 -11 167
9 12 163
9 -12 163
9 13 186
9 -13 191
9 14 135
9 -14 149
9 15 147
9 -15 120
9 16 115
9 -16 92
9 17 100
9 -17 75
9 18 100
9 -18 71
9 19 66
9 -19 62
9 2 227
9 -2 257
9 20 75
9 -20 52
9 21 52
9 -21 65
9 22 53
9 -22 48
9 23 50
9 -23 39
9 24 51
9 -24 41
9 25 41
9 -25 56
9 3 215
9 -3 245
9 4 227
9 -4 234
9 5 224
9 -5 228
9 6 225
9 -6 220
9 7 208
9 -7 214
9 8 217
9 -8 190
9 9 181
9 -9 181
10 0 277
10 1 259
10 -1 230
10 10 194
10 -10 174
10 11 175
10 -11 170
10 12 152
10 -12 151
10 13 157
10 -13 158
10 14 166
10 -14 158
10 15 126
10 -15 125
10 16 104
10 -16 77
10 17 87
10 -17 77
10 18 73
10 -18 72
10 19 75
10 -19 78
10 2 232
10 -2 217
10 20 71
10 -20 58
10 21 88
10 -21 69
10 22 58
10 -22 57
10 23 61
10 -23 41
10 24 54
10 -24 44
10 25 35
10 -25 47
10 3 242
10 -3 225
10 4 189
10 -4 229
10 5 208
10 -5 229
10 6 240
10 -6 199
10 7 203
10 -7 194
10 8 181
10 -8 183
10 9 191
10 -9 186
11 0 220
11 1 228
11 -1 230
11 10 172
11 -10 195
11 11 162
11 -11 168
11 12 156
11 -12 155
11 13 149
11 -13 173
11 14 143
11 -14 141
11 15 138
11 -15 90
11 16 100
11 -16 78
11 17 83
11 -17 62
11 18 83
11 -18 68
11 19 59
11 -19 74
11 2 224
11 -2 208
11 20 66
11 -20 56
11 21 76
11 -21 58
11 22 51
11 -22 43
11 23 48
11 -23 40
11 24 48
11 -24 54
11 25 27
11 -25 32
11 3 223
11 -3 223
11 4 209
11 -4 212
11 5 217
11 -5 212
11 6 216
11 -6 219
11 7 203
11 -7 195
11 8 177
11 -8 194
11 9 167
11 -9 175
12 0 245
12 1 213
12 -1 196
12 10 177
12 -10 171
12 11 181
12 -11 153
12 12 155
12 -12 175
12 13 157
12 -13 162
12 14 154
12 -14 145
12 15 139
12 -15 97
12 16 111
12 -16 90
12 17 81
12 -17 69
12 18 72
12 -18 74
12 19 70
12 -19 59
12 2 210
12 -2 207
12 20 77
12 -20 59
12 21 61
12 -21 58
12 22 60
12 -22 43
12 23 41
12 -23 45
12 24 42
12 -24 52
12 25 42
12 -25 35
12 3 219
12 -3 176
12 4 210
12 -4 192
12 5 219
12 -5 193
12 6 206
12 -6 199
12 7 193
12 -7 188
12 8 184
12 -8 169
12 9 166
12 -9 180
13 0 220
13 1 199
13 -1 196
13 10 177
13 -10 164
13 11 139
13 -11 172
13 12 144
13 -12 153
13 13 166
13 -13 144
13 14 139
13 -14 107
13 15 115
13 -15 97
13 16 108
13 -16 81
13 17 72
13 -17 76
13 18 69
13 -18 66
13 19 60
13 -19 63
13 2 189
13 -2 198
13 20 63
13 -20 47
13 21 58
13 -21 52
13 22 45
13 -22 41
13 23 31
13 -23 36
13 24 38
13 -24 31
13 25 35
13 -25 31
13 3 188
13 -3 173
13 4 167
13 -4 175
13 5 188
13 -5 190
13 6 176
13 -6 167
13 7 204
13 -7 184
13 8 185
13 -8 160
13 9 169
13 -9 182
14 0 198
14 1 192
14 -1 170
14 10 138
14 -10 157
14 11 156
14 -11 155
14 12 147
14 -12 149
14 13 160
14 -13 113
14 14 135
14 -14 107
14 15 131
14 -15 80
14 16 90
14 -16 80
14 17 81
14 -17 67
14 18 70
14 -18 60
14 19 59
14 -19 68
14 2 184
14 -2 182
14 20 56
14 -20 53
14 21 53
14 -21 44
14 22 55
14 -22 55
14 23 35
14 -23 33
14 24 40
14 -24 32
14 25 35
14 -25 38
14 3 190
14 -3 163
14 4 180
14 -4 187
14 5 158
14 -5 167
14 6 165
14 -6 160
14 7 189
14 -7 160
14 8 162
14 -8 166
14 9 163
14 -9 152
15 0 168
15 1 147
15 -1 149
15 10 118
15 -10 126
15 11 134
15 -11 127
15 12 144
15 -12 119
15 13 139
15 -13 116
15 14 131
15 -14 107
15 15 107
15 -15 76
15 16 88
15 -16 75
15 17 80
15 -17 64
15 18 58
15 -18 46
15 19 49
15 -19 59
15 2 165
15 -2 162
15 20 52
15 -20 50
15 21 54
15 -21 47
15 22 43
15 -22 41
15 23 37
15 -23 35
15 24 37
15 -24 48
15 25 35
15 -25 35
15 3 159
15 -3 165
15 4 174
15 -4 150
15 5 140
15 -5 180
15 6 153
15 -6 155
15 7 141
15 -7 130
15 8 151
15 -8 123
15 9 154
15 -9 140
16 0 118
16 1 129
16 -1 140
16 10 97
16 -10 105
16 11 119
16 -11 88
16 12 102
16 -12 95
16 13 111
16 -13 99
16 14 102
16 -14 80
16 15 94
16 -15 65
16 16 81
16 -16 66
16 17 77
16 -17 66
16 18 54
16 -18 44
16 19 44
16 -19 59
16 2 109
16 -2 136
16 20 66
16 -20 47
16 21 50
16 -21 52
16 22 46
16 -22 39
16 23 35
16 -23 45
16 24 34
16 -24 41
16 25 32
16 -25 45
16 3 134
16 -3 125
16 4 125
16 -4 118
16 5 113
16 -5 118
16 6 119
16 -6 110
16 7 123
16 -7 117
16 8 129
16 -8 110
16 9 109
16 -9 122
17 0 110
17 1 108
17 -1 118
17 10 87
17 -10 80
17 11 87
17 -11 105
17 12 77
17 -12 83
17 13 87
17 -13 87
17 14 85
17 -14 60
17 15 85
17 -15 67
17 16 57
17 -16 55
17 17 57
17 -17 57
17 18 51
17 -18 42
17 19 45
17 -19 50
17 2 122
17 -2 98
17 20 52
17 -20 39
17 21 39
17 -21 46
17 22 48
17 -22 45
17 23 30
17 -23 28
17 24 37
17 -24 31
17 25 35
17 -25 37
17 3 122
17 -3 89
17 4 103
17 -4 105
17 5 104
17 -5 104
17 6 96
17 -6 94
17 7 114
17 -7 105
17 8 115
17 -8 90
17 9 96
17 -9 89
18 0 86
18 1 101
18 -1 75
18 10 90
18 -10 68
18 11 77
18 -11 81
18 12 79
18 -12 63
18 13 69
18 -13 71
18 14 73
18 -14 67
18 15 64
18 -15 51
18 16 51
18 -16 47
18 17 54
18 -17 62
18 18 48
18 -18 35
18 19 46
18 -19 52
18 2 78
18 -2 86
18 20 46
18 -20 40
18 21 42
18 -21 43
18 22 35
18 -22 41
18 23 41
18 -23 31
18 24 36
18 -24 37
18 25 26
18 -25 38
18 3 107
18 -3 82
18 4 80
18 -4 87
18 5 103
18 -5 80
18 6 103
18 -6 90
18 7 79
18 -7 77
18 8 90
18 -8 84
18 9 74
18 -9 77
19 0 99
19 1 86
19 -1 71
19 10 57
19 -10 71
19 11 72
19 -11 73
19 12 58
19 -12 67
19 13 64
19 -13 52
19 14 63
19 -14 61
19 15 49
19 -15 42
19 16 51
19 -16 48
19 17 53
19 -17 42
19 18 52
19 -18 48
19 19 40
19 -19 42
19 2 77
19 -2 95
19 20 42
19 -20 45
19 21 42
19 -21 42
19 22 41
19 -22 38
19 23 25
19 -23 42
19 24 44
19 -24 30
19 25 25
19 -25 31
19 3 75
19 -3 79
19 4 87
19 -4 79
19 5 87
19 -5 74
19 6 82
19 -6 77
19 7 79
19 -7 64
19 8 72
19 -8 88
19 9 76
19 -9 58
20 0 81
20 1 71
20 -1 67
20 10 55
20 -10 61
20 11 58
20 -11 66
20 12 56
20 -12 56
20 13 63
20 -13 55
20 14 61
20 -14 54
20 15 58
20 -15 40
20 16 49
20 -16 46
20 17 47
20 -17 53
20 18 31
20 -18 52
20 19 46
20 -19 45
20 2 73
20 -2 71
20 20 41
20 -20 36
20 21 29
20 -21 40
20 22 28
20 -22 26
20 23 32
20 -23 39
20 24 37
20 -24 39
20 25 25
20 -25 33
20 3 67
20 -3 68
20 4 71
20 -4 71
20 5 76
20 -5 63
20 6 64
20 -6 56
20 7 73
20 -7 73
20 8 66
20 -8 76
20 9 53
20 -9 56
21 0 54
21 1 64
21 -1 73
21 10 58
21 -10 69
21 11 60
21 -11 53
21 12 55
21 -12 62
21 13 56
21 -13 37
21 14 45
21 -14 43
21 15 45
21 -15 50
21 16 63
21 -16 39
21 17 35
21 -17 33
21 18 36
21 -18 43
21 19 38
21 -19 39
21 2 68
21 -2 62
21 20 31
21 -20 33
21 21 31
21 -21 31
21 22 33
21 -22 20
21 23 36
21 -23 29
21 24 23
21 -24 35
21 25 16
21 -25 28
21 3 74
21 -3 54
21 4 68
21 -4 77
21 5 62
21 -5 73
21 6 49
21 -6 58
21 7 71
21 -7 57
21 8 48
21 -8 58
21 9 57
21 -9 57
22 0 60
22 1 64
22 -1 60
22 10 48
22 -10 51
22 11 50
22 -11 63
22 12 45
22 -12 50
22 13 38
22 -13 50
22 14 49
22 -14 35
22 15 35
22 -15 48
22 16 57
22 -16 30
22 17 48
22 -17 35
22 18 39
22 -18 46
22 19 40
22 -19 41
22 2 48
22 -2 56
22 20 37
22 -20 23
22 21 32
22 -21 23
22 22 38
22 -22 31
22 23 39
22 -23 42
22 24 23
22 -24 29
22 25 22
22 -25 33
22 3 75
22 -3 38
22 4 54
22 -4 57
22 5 44
22 -5 43
22 6 48
22 -6 61
22 7 74
22 -7 67
22 8 69
22 -8 51
22 9 47
22 -9 53
23 0 57
23 1 46
23 -1 39
23 10 60
23 -10 58
23 11 45
23 -11 41
23 12 49
23 -12 49
23 13 47
23 -13 45
23 14 54
23 -14 35
23 15 42
23 -15 55
23 16 46
23 -16 56
23 17 33
23 -17 48
23 18 31
23 -18 41
23 19 40
23 -19 35
23 2 52
23 -2 41
23 20 29
23 -20 34
23 21 30
23 -21 47
23 22 30
23 -22 32
23 23 26
23 -23 32
23 24 29
23 -24 30
23 25 21
23 -25 31
23 3 70
23 -3 56
23 4 64
23 -4 54
23 5 61
23 -5 59
23 6 57
23 -6 50
23 7 57
23 -7 64
23 8 42
23 -8 52
23 9 52
23 -9 62
24 0 50
24 1 49
24 -1 46
24 10 40
24 -10 45
24 11 44
24 -11 55
24 12 51
24 -12 32
24 13 50
24 -13 31
24 14 38
24 -14 49
24 15 35
24 -15 38
24 16 45
24 -16 37
24 17 38
24 -17 29
24 18 31
24 -18 24
24 19 30
24 -19 34
24 2 52
24 -2 50
24 20 30
24 -20 39
24 21 31
24 -21 30
24 22 35
24 -22 38
24 23 26
24 -23 18
24 24 24
24 -24 34
24 25 22
24 -25 30
24 3 45
24 -3 68
24 4 42
24 -4 51
24 5 52
24 -5 60
24 6 54
24 -6 73
24 7 40
24 -7 36
24 8 35
24 -8 58
24 9 51
24 -9 39
25 0 54
25 1 43
25 -1 46
25 10 54
25 -10 41
25 11 40
25 -11 45
25 12 50
25 -12 45
25 13 35
25 -13 37
25 14 39
25 -14 31
25 15 38
25 -15 39
25 16 29
25 -16 36
25 17 43
25 -17 44
25 18 31
25 -18 38
25 19 30
25 -19 37
25 2 54
25 -2 42
25 20 29
25 -20 31
25 21 32
25 -21 26
25 22 30
25 -22 27
25 23 33
25 -23 18
25 24 26
25 -24 25
25 25 20
25 -25 30
25 3 41
25 -3 49
25 4 55
25 -4 47
25 5 54
25 -5 47
25 6 56
25 -6 61
25 7 44
25 -7 52
25 8 44
25 -8 43
25 9 43
25 -9 53
