-40 0 6
-40 1 8
-40 -1 4
-40 10 3
-40 -10 7
-40 11 4
-40 -11 8
-40 12 5
-40 -12 5
-40 13 5
-40 -13 3
-40 14 5
-40 -14 5
-40 15 2
-40 -15 8
-40 16 6
-40 -16 5
-40 17 8
-40 -17 7
-40 18 1
-40 -18 5
-40 19 7
-40 -19 4
-40 2 3
-40 -2 8
-40 20 4
-40 -20 4
-40 21 3
-40 -21 4
-40 22 2
-40 -22 1
-40 23 2
-40 -23 3
-40 24 3
-40 -24 3
-40 25 3
-40 -25 3
-40 26 1
-40 -26 5
-40 27 3
-40 28 3
-40 -28 5
-40 29 4
-40 -29 2
-40 3 6
-40 -3 1
-40 30 2
-40 -30 2
-40 31 3
-40 -31 7
-40 32 2
-40 -32 2
-40 33 1
-40 -33 1
-40 34 5
-40 -34 6
-40 35 2
-40 -35 3
-40 36 8
-40 -36 2
-40 37 1
-40 -37 2
-40 38 2
-40 -38 1
-40 39 6
-40 -39 4
-40 4 6
-40 -4 7
-40 40 2
-40 -40 6
-40 5 8
-40 -5 8
-40 6 5
-40 -6 2
-40 7 6
-40 -7 7
-40 8 8
-40 -8 4
-40 9 2
-40 -9 4
-39 0 6
-39 1 4
-39 -1 2
-39 10 3
-39 -10 6
-39 11 4
-39 -11 3
-39 12 1
-39 -12 6
-39 13 6
-39 -13 5
-39 14 4
-39 -14 4
-39 15 10
-39 -15 7
-39 16 3
-39 -16 4
-39 17 1
-39 -17 4
-39 18 9
-39 -18 8
-39 19 8
-39 -19 6
-39 2 4
-39 -2 7
-39 20 1
-39 -20 6
-39 21 1
-39 -21 4
-39 22 2
-39 -22 5
-39 23 2
-39 -23 3
-39 24 3
-39 -24 5
-39 25 3
-39 -25 4
-39 26 5
-39 -26 7
-39 27 2
-39 -27 3
-39 28 8
-39 -28 3
-39 29 5
-39 -29 1
-39 3 3
-39 -3 2
-39 30 3
-39 -30 3
-39 31 3
-39 -31 5
-39 32 5
-39 -32 6
-39 33 5
-39 -33 1
-39 34 2
-39 -34 5
-39 35 4
-39 -35 5
-39 36 1
-39 -36 5
-39 37 3
-39 -37 4
-39 38 1
-39 -38 2
-39 39 2
-39 -39 1
-39 4 4
-39 -4 5
-39 40 3
-39 -40 1
-39 5 9
-39 -5 4
-39 6 10
-39 -6 8
-39 7 3
-39 -7 5
-39 8 3
-39 -8 4
-39 9 7
-39 -9 7
-38 0 6
-38 1 9
-38 -1 3
-38 10 6
-38 -10 6
-38 11 5
-38 -11 4
-38 12 3
-38 -12 8
-38 13 7
-38 -13 8
-38 14 10
-38 -14 4
-38 15 5
-38 -15 3
-38 16 6
-38 -16 4
-38 17 6
-38 -17 4
-38 18 7
-38 -18 6
-38 19 2
-38 -19 5
-38 2 6
-38 -2 5
-38 20 4
-38 -20 4
-38 21 4
-38 -21 6
-38 22 5
-38 -22 2
-38 23 4
-38 -23 3
-38 24 5
-38 -24 3
-38 25 6
-38 -25 2
-38 26 4
-38 -26 6
-38 27 2
-38 -27 2
-38 28 4
-38 -28 5
-38 29 1
-38 -29 4
-38 3 6
-38 -3 5
-38 30 1
-38 -30 5
-38 31 5
-38 32 4
-38 -32 1
-38 33 3
-38 -33 3
-38 34 3
-38 -34 2
-38 35 7
-38 -35 4
-38 36 2
-38 -36 3
-38 37 3
-38 -37 3
-38 38 1
-38 -38 1
-38 39 4
-38 -39 1
-38 4 8
-38 -4 3
-38 40 4
-38 -40 3
-38 5 3
-38 -5 3
-38 6 6
-38 -6 4
-38 7 7
-38 -7 7
-38 8 4
-38 -8 6
-38 9 6
-38 -9 3
-37 0 9
-37 1 10
-37 -1 2
-37 10 10
-37 -10 2
-37 11 4
-37 -11 9
-37 12 3
-37 -12 4
-37 13 4
-37 -13 4
-37 14 4
-37 -14 2
-37 15 3
-37 -15 5
-37 16 1
-37 -16 1
-37 17 6
-37 -17 3
-37 18 5
-37 -18 6
-37 19 4
-37 -19 3
-37 2 8
-37 -2 6
-37 20 6
-37 -20 3
-37 21 5
-37 -21 4
-37 22 4
-37 -22 7
-37 23 7
-37 -24 3
-37 25 5
-37 -25 3
-37 26 11
-37 -26 8
-37 27 3
-37 -27 3
-37 28 6
-37 -28 3
-37 29 5
-37 -29 4
-37 3 5
-37 -3 5
-37 30 1
-37 -30 3
-37 31 2
-37 -31 5
-37 32 5
-37 -32 2
-37 33 3
-37 -33 9
-37 34 3
-37 -34 1
-37 35 2
-37 -35 2
-37 36 6
-37 -36 5
-37 37 1
-37 -37 2
-37 38 4
-37 -38 1
-37 39 4
-37 -39 5
-37 4 7
-37 -4 6
-37 40 2
-37 -40 1
-37 5 7
-37 -5 8
-37 6 4
-37 -6 7
-37 7 6
-37 -7 2
-37 8 8
-37 -8 2
-37 9 6
-37 -9 9
-36 0 6
-36 1 4
-36 -1 3
-36 10 5
-36 -10 8
-36 11 6
-36 -11 5
-36 12 6
-36 -12 4
-36 13 6
-36 -13 6
-36 14 4
-36 -14 7
-36 15 6
-36 -15 3
-36 16 10
-36 -16 4
-36 17 7
-36 -17 3
-36 18 5
-36 -18 1
-36 19 4
-36 -19 2
-36 2 8
-36 -2 11
-36 20 7
-36 -20 9
-36 21 2
-36 -21 2
-36 22 6
-36 -22 4
-36 23 5
-36 -23 4
-36 24 6
-36 -24 4
-36 25 5
-36 -25 6
-36 26 5
-36 -26 2
-36 27 1
-36 -27 3
-36 28 4
-36 -28 3
-36 29 1
-36 -29 5
-36 3 12
-36 -3 5
-36 30 3
-36 -30 4
-36 31 3
-36 -31 3
-36 32 5
-36 -32 5
-36 33 3
-36 -33 5
-36 34 2
-36 -34 5
-36 35 4
-36 -35 3
-36 36 4
-36 -36 3
-36 37 3
-36 38 1
-36 -38 1
-36 39 1
-36 -39 6
-36 4 5
-36 -4 4
-36 -40 6
-36 5 7
-36 -5 5
-36 6 2
-36 -6 6
-36 7 5
-36 -7 7
-36 8 11
-36 -8 4
-36 9 5
-36 -9 5
-35 0 5
-35 1 5
-35 -1 5
-35 10 5
-35 -10 9
-35 11 11
-35 -11 7
-35 12 12
-35 -12 3
-35 13 10
-35 -13 6
-35 14 5
-35 -14 5
-35 15 6
-35 -15 5
-35 16 4
-35 -16 4
-35 17 2
-35 -17 8
-35 18 5
-35 -18 4
-35 19 7
-35 -19 5
-35 2 8
-35 -2 5
-35 20 8
-35 -20 4
-35 21 6
-35 -21 3
-35 22 7
-35 -22 3
-35 23 9
-35 -23 4
-35 24 5
-35 -24 5
-35 25 1
-35 -25 6
-35 26 4
-35 -26 7
-35 27 4
-35 -27 3
-35 28 2
-35 -28 5
-35 29 5
-35 -29 4
-35 3 7
-35 -3 6
-35 30 6
-35 -30 5
-35 31 4
-35 -31 8
-35 32 4
-35 -32 5
-35 33 2
-35 -33 4
-35 34 1
-35 -34 6
-35 35 3
-35 -35 2
-35 36 2
-35 -36 1
-35 37 4
-35 -37 3
-35 38 6
-35 -38 4
-35 39 5
-35 -39 1
-35 4 2
-35 -4 6
-35 40 4
-35 -40 1
-35 5 11
-35 -5 9
-35 6 6
-35 -6 5
-35 7 4
-35 -7 10
-35 8 4
-35 -8 5
-35 9 7
-35 -9 5
-34 0 5
-34 1 5
-34 -1 6
-34 10 4
-34 -10 12
-34 11 5
-34 -11 3
-34 12 8
-34 -12 3
-34 13 8
-34 -13 3
-34 14 8
-34 -14 5
-34 15 9
-34 -15 9
-34 16 8
-34 -16 12
-34 17 3
-34 -17 5
-34 18 6
-34 -18 9
-34 19 6
-34 -19 7
-34 2 3
-34 -2 5
-34 20 4
-34 -20 3
-34 21 5
-34 -21 5
-34 22 5
-34 -22 4
-34 23 2
-34 -23 4
-34 24 2
-34 -24 3
-34 25 4
-34 -25 6
-34 26 5
-34 -26 6
-34 27 6
-34 -27 3
-34 28 2
-34 -28 2
-34 29 2
-34 -29 4
-34 3 6
-34 -3 5
-34 30 1
-34 31 5
-34 -31 6
-34 32 4
-34 -32 6
-34 33 2
-34 -33 4
-34 34 4
-34 -34 2
-34 -35 3
-34 36 3
-34 -36 5
-34 37 3
-34 -37 4
-34 38 3
-34 -38 3
-34 39 2
-34 -39 1
-34 4 7
-34 -4 9
-34 40 1
-34 -40 2
-34 5 6
-34 -5 5
-34 6 5
-34 -6 3
-34 7 5
-34 -7 8
-34 8 4
-34 -8 5
-34 9 9
-34 -9 9
-33 0 4
-33 1 7
-33 -1 7
-33 10 6
-33 -10 6
-33 11 8
-33 -11 5
-33 12 9
-33 -12 3
-33 13 7
-33 -13 7
-33 14 9
-33 -14 7
-33 15 11
-33 -15 3
-33 16 4
-33 -16 5
-33 17 8
-33 -17 5
-33 18 6
-33 -18 1
-33 19 7
-33 -19 4
-33 2 10
-33 -2 6
-33 20 7
-33 -20 5
-33 21 5
-33 -21 7
-33 22 3
-33 -22 4
-33 23 4
-33 -23 4
-33 24 2
-33 -24 8
-33 25 5
-33 -25 1
-33 26 7
-33 -26 5
-33 27 3
-33 -27 4
-33 28 6
-33 -28 3
-33 29 4
-33 -29 5
-33 3 6
-33 -3 5
-33 30 3
-33 -30 3
-33 31 3
-33 -31 4
-33 32 6
-33 -32 5
-33 33 3
-33 -33 3
-33 34 3
-33 35 1
-33 -35 4
-33 36 1
-33 -36 1
-33 37 5
-33 -37 4
-33 38 3
-33 -38 3
-33 39 3
-33 -39 3
-33 4 7
-33 -4 4
-33 40 7
-33 -40 2
-33 5 8
-33 -5 5
-33 6 7
-33 -6 11
-33 7 7
-33 -7 4
-33 8 3
-33 -8 9
-33 9 10
-33 -9 5
-32 0 8
-32 1 3
-32 -1 4
-32 10 9
-32 -10 6
-32 11 6
-32 -11 9
-32 12 7
-32 -12 4
-32 13 5
-32 -13 6
-32 14 5
-32 -14 8
-32 15 8
-32 -15 2
-32 16 6
-32 -16 4
-32 17 8
-32 -17 2
-32 18 7
-32 -18 2
-32 19 6
-32 -19 6
-32 2 11
-32 -2 3
-32 20 9
-32 -20 5
-32 21 7
-32 -21 4
-32 22 8
-32 -22 5
-32 23 6
-32 -23 6
-32 24 4
-32 -24 3
-32 25 7
-32 -25 3
-32 26 6
-32 -26 5
-32 27 9
-32 -27 7
-32 28 2
-32 -28 6
-32 29 3
-32 -29 3
-32 3 8
-32 -3 6
-32 30 3
-32 -30 6
-32 31 4
-32 -31 6
-32 -32 8
-32 33 1
-32 -33 4
-32 34 8
-32 -34 10
-32 35 5
-32 -35 6
-32 36 5
-32 -36 4
-32 37 1
-32 -37 3
-32 38 4
-32 -38 3
-32 39 6
-32 -39 3
-32 4 11
-32 -4 5
-32 -40 4
-32 5 11
-32 -5 6
-32 6 6
-32 -6 4
-32 7 7
-32 -7 10
-32 8 10
-32 -8 6
-32 9 7
-32 -9 7
-31 0 10
-31 1 10
-31 -1 6
-31 10 14
-31 -10 5
-31 11 4
-31 -11 10
-31 12 11
-31 -12 9
-31 13 7
-31 -13 7
-31 14 6
-31 -14 5
-31 15 8
-31 -15 5
-31 16 7
-31 -16 2
-31 17 6
-31 -17 11
-31 18 7
-31 -18 3
-31 19 6
-31 -19 5
-31 2 3
-31 -2 5
-31 20 6
-31 -20 5
-31 21 6
-31 -21 5
-31 22 9
-31 -22 7
-31 23 7
-31 -23 2
-31 24 4
-31 25 4
-31 -25 4
-31 26 3
-31 -26 3
-31 27 7
-31 -27 6
-31 28 7
-31 -28 3
-31 29 4
-31 -29 5
-31 3 6
-31 -3 7
-31 30 4
-31 -30 5
-31 31 4
-31 -31 4
-31 32 3
-31 -32 5
-31 33 2
-31 -33 5
-31 34 4
-31 35 6
-31 -35 6
-31 36 5
-31 -36 6
-31 37 3
-31 -37 6
-31 38 4
-31 -38 4
-31 39 2
-31 -39 3
-31 4 10
-31 -4 8
-31 40 5
-31 -40 2
-31 5 4
-31 -5 10
-31 6 7
-31 -6 3
-31 7 4
-31 -7 7
-31 8 9
-31 -8 6
-31 9 6
-31 -9 4
-30 0 11
-30 1 9
-30 -1 10
-30 10 5
-30 -10 11
-30 11 4
-30 -11 7
-30 12 8
-30 -12 14
-30 13 6
-30 -13 6
-30 14 6
-30 -14 6
-30 15 9
-30 -15 8
-30 16 5
-30 -16 9
-30 17 7
-30 -17 6
-30 18 2
-30 -18 6
-30 19 9
-30 -19 6
-30 2 11
-30 -2 9
-30 20 7
-30 -20 3
-30 21 9
-30 -21 11
-30 22 6
-30 -22 6
-30 23 7
-30 -23 5
-30 24 3
-30 -24 7
-30 25 9
-30 -25 4
-30 26 5
-30 -26 6
-30 27 6
-30 -27 7
-30 28 4
-30 -28 4
-30 29 3
-30 -29 9
-30 3 7
-30 -3 5
-30 30 4
-30 -30 5
-30 31 5
-30 -31 3
-30 32 6
-30 -32 2
-30 33 5
-30 -33 2
-30 34 4
-30 -34 1
-30 35 3
-30 -35 7
-30 36 6
-30 -36 10
-30 37 2
-30 38 3
-30 -38 2
-30 39 4
-30 -39 1
-30 4 12
-30 -4 7
-30 40 6
-30 -40 4
-30 5 7
-30 -5 7
-30 6 10
-30 -6 5
-30 7 5
-30 -7 7
-30 8 10
-30 -8 14
-30 9 4
-30 -9 10
-29 0 9
-29 1 10
-29 -1 3
-29 10 5
-29 -10 7
-29 11 10
-29 -11 7
-29 12 11
-29 -12 4
-29 13 7
-29 -13 4
-29 14 10
-29 -14 7
-29 15 9
-29 -15 5
-29 16 9
-29 -16 7
-29 17 5
-29 -17 6
-29 18 7
-29 -18 6
-29 19 10
-29 -19 3
-29 2 12
-29 -2 9
-29 20 3
-29 -20 5
-29 21 7
-29 -21 9
-29 22 6
-29 -22 8
-29 23 4
-29 -23 3
-29 24 8
-29 -24 6
-29 25 4
-29 -25 11
-29 26 2
-29 -26 7
-29 27 6
-29 -27 10
-29 28 5
-29 -28 3
-29 29 2
-29 -29 4
-29 3 17
-29 -3 8
-29 30 4
-29 -30 5
-29 31 2
-29 -31 2
-29 32 4
-29 -32 5
-29 33 1
-29 -33 10
-29 34 7
-29 -34 5
-29 35 10
-29 -35 3
-29 36 4
-29 -36 3
-29 37 1
-29 -37 5
-29 38 2
-29 -38 3
-29 39 5
-29 -39 5
-29 4 9
-29 -4 6
-29 40 3
-29 5 10
-29 -5 11
-29 6 9
-29 -6 5
-29 7 12
-29 -7 7
-29 8 9
-29 -8 6
-29 9 10
-29 -9 7
-28 0 6
-28 1 12
-28 -1 8
-28 10 4
-28 -10 5
-28 11 8
-28 -11 6
-28 12 12
-28 -12 4
-28 13 2
-28 -13 7
-28 14 14
-28 -14 6
-28 15 4
-28 -15 4
-28 16 5
-28 -16 8
-28 17 5
-28 -17 10
-28 18 7
-28 -18 5
-28 19 5
-28 -19 6
-28 2 9
-28 -2 7
-28 20 3
-28 -20 8
-28 21 5
-28 -21 4
-28 22 6
-28 -22 5
-28 23 3
-28 -23 2
-28 24 6
-28 -24 6
-28 25 6
-28 -25 3
-28 26 8
-28 -26 7
-28 27 3
-28 -27 4
-28 28 4
-28 -28 3
-28 29 7
-28 -29 4
-28 3 12
-28 -3 11
-28 30 4
-28 31 3
-28 -31 4
-28 32 1
-28 -32 3
-28 33 1
-28 -33 3
-28 34 6
-28 -34 1
-28 35 1
-28 -35 2
-28 36 4
-28 -36 3
-28 37 2
-28 -37 5
-28 38 1
-28 -38 5
-28 39 2
-28 -39 4
-28 4 9
-28 -4 12
-28 40 3
-28 -40 1
-28 5 9
-28 -5 17
-28 6 10
-28 -6 12
-28 7 9
-28 -7 12
-28 8 8
-28 -8 8
-28 9 6
-28 -9 12
-27 0 4
-27 1 12
-27 -1 13
-27 10 10
-27 -10 5
-27 11 10
-27 -11 12
-27 12 14
-27 -12 7
-27 13 11
-27 -13 9
-27 14 6
-27 -14 7
-27 15 11
-27 -15 10
-27 16 4
-27 -16 10
-27 17 7
-27 -17 4
-27 18 8
-27 -18 11
-27 19 11
-27 -19 5
-27 2 5
-27 -2 8
-27 20 4
-27 -20 8
-27 21 8
-27 -21 10
-27 22 7
-27 -22 9
-27 23 4
-27 -23 5
-27 24 8
-27 -24 5
-27 25 6
-27 -25 5
-27 26 4
-27 -26 2
-27 27 5
-27 -27 5
-27 28 12
-27 -28 3
-27 29 6
-27 -29 4
-27 3 8
-27 -3 11
-27 30 5
-27 -30 2
-27 31 4
-27 -31 3
-27 32 4
-27 -32 4
-27 -33 4
-27 34 3
-27 -34 1
-27 35 3
-27 -35 8
-27 36 1
-27 -36 4
-27 37 3
-27 38 6
-27 -38 7
-27 39 3
-27 -39 5
-27 4 9
-27 -4 11
-27 40 2
-27 5 12
-27 -5 12
-27 6 10
-27 -6 2
-27 7 13
-27 -7 10
-27 8 7
-27 -8 9
-27 9 10
-27 -9 7
-26 0 13
-26 1 7
-26 -1 8
-26 10 12
-26 -10 11
-26 11 3
-26 -11 10
-26 12 3
-26 -12 12
-26 13 5
-26 -13 10
-26 14 5
-26 -14 8
-26 15 3
-26 -15 7
-26 16 11
-26 -16 7
-26 17 7
-26 -17 8
-26 18 4
-26 -18 9
-26 19 8
-26 -19 7
-26 2 7
-26 -2 6
-26 20 6
-26 -20 5
-26 21 6
-26 -21 5
-26 22 7
-26 -22 12
-26 23 7
-26 -23 8
-26 24 6
-26 -24 4
-26 25 4
-26 -25 4
-26 26 2
-26 -26 3
-26 27 5
-26 -27 5
-26 28 4
-26 -28 9
-26 29 9
-26 -29 5
-26 3 8
-26 -3 8
-26 30 6
-26 -30 4
-26 31 5
-26 -31 9
-26 32 6
-26 -32 2
-26 33 3
-26 -33 3
-26 34 5
-26 -34 1
-26 35 8
-26 -35 2
-26 36 2
-26 -36 6
-26 37 5
-26 -37 3
-26 38 4
-26 -38 4
-26 39 2
-26 -39 3
-26 4 11
-26 -4 16
-26 40 3
-26 -40 5
-26 5 7
-26 -5 8
-26 6 11
-26 -6 10
-26 7 13
-26 -7 12
-26 8 6
-26 -8 13
-26 9 8
-26 -9 16
-25 0 12
-25 1 8
-25 -1 10
-25 10 13
-25 -10 6
-25 11 10
-25 -11 6
-25 12 13
-25 -12 14
-25 13 8
-25 -13 9
-25 14 9
-25 -14 7
-25 15 9
-25 -15 7
-25 16 7
-25 -16 8
-25 17 9
-25 -17 11
-25 18 5
-25 -18 11
-25 19 9
-25 -19 8
-25 2 12
-25 -2 13
-25 20 12
-25 -20 9
-25 21 5
-25 -21 4
-25 22 3
-25 -22 9
-25 23 2
-25 -23 6
-25 24 8
-25 -24 3
-25 25 7
-25 -25 7
-25 26 3
-25 -26 6
-25 27 2
-25 -27 10
-25 28 1
-25 -28 8
-25 29 7
-25 -29 5
-25 3 4
-25 -3 16
-25 30 3
-25 -30 4
-25 31 5
-25 -31 12
-25 32 9
-25 -32 2
-25 33 4
-25 -33 7
-25 34 6
-25 -34 5
-25 35 7
-25 -35 2
-25 36 2
-25 -36 5
-25 37 3
-25 -37 5
-25 38 3
-25 -38 8
-25 39 4
-25 -39 8
-25 4 7
-25 -4 20
-25 40 5
-25 -40 5
-25 5 13
-25 -5 12
-25 6 11
-25 -6 16
-25 7 13
-25 -7 5
-25 8 4
-25 -8 11
-25 9 13
-25 -9 10
-24 0 9
-24 1 19
-24 -1 9
-24 10 12
-24 -10 6
-24 11 13
-24 -11 11
-24 12 10
-24 -12 5
-24 13 7
-24 -13 7
-24 14 7
-24 -14 6
-24 15 13
-24 -15 12
-24 16 5
-24 -16 11
-24 17 7
-24 -17 6
-24 18 7
-24 -18 8
-24 19 17
-24 -19 5
-24 2 13
-24 -2 7
-24 20 10
-24 -20 4
-24 21 6
-24 -21 6
-24 22 4
-24 -22 8
-24 23 6
-24 -23 8
-24 24 11
-24 -24 9
-24 25 5
-24 -25 8
-24 26 8
-24 -26 6
-24 27 7
-24 -27 4
-24 28 3
-24 -28 6
-24 29 5
-24 -29 4
-24 3 13
-24 -3 6
-24 30 8
-24 -30 1
-24 31 2
-24 -31 4
-24 32 6
-24 -32 4
-24 33 4
-24 -33 4
-24 34 2
-24 -34 4
-24 35 6
-24 36 8
-24 -36 4
-24 37 9
-24 -37 3
-24 38 2
-24 -38 5
-24 39 7
-24 -39 3
-24 4 11
-24 -4 7
-24 40 6
-24 -40 6
-24 5 13
-24 -5 11
-24 6 6
-24 -6 13
-24 7 11
-24 -7 14
-24 8 13
-24 -8 5
-24 9 7
-24 -9 8
-23 0 17
-23 1 10
-23 -1 15
-23 10 11
-23 -10 7
-23 11 8
-23 -11 10
-23 12 7
-23 -12 8
-23 13 9
-23 -13 10
-23 14 7
-23 -14 12
-23 15 12
-23 -15 6
-23 16 3
-23 -16 6
-23 17 12
-23 -17 5
-23 18 12
-23 -18 10
-23 19 7
-23 -19 9
-23 2 16
-23 -2 9
-23 20 12
-23 -20 10
-23 21 8
-23 -21 6
-23 22 2
-23 -22 9
-23 23 5
-23 -23 12
-23 24 10
-23 -24 7
-23 25 3
-23 -25 10
-23 26 10
-23 -26 2
-23 27 5
-23 -27 2
-23 28 6
-23 -28 8
-23 29 2
-23 -29 4
-23 3 15
-23 -3 9
-23 30 5
-23 -30 6
-23 31 5
-23 -31 5
-23 32 5
-23 -32 2
-23 33 7
-23 -33 8
-23 34 7
-23 -34 5
-23 35 5
-23 -35 7
-23 36 5
-23 -36 2
-23 37 3
-23 -37 7
-23 38 3
-23 -38 5
-23 39 5
-23 -39 2
-23 4 11
-23 -4 17
-23 40 3
-23 -40 2
-23 5 10
-23 -5 16
-23 6 12
-23 -6 14
-23 7 11
-23 -7 4
-23 8 10
-23 -8 7
-23 9 9
-23 -9 6
-22 0 13
-22 1 9
-22 -1 10
-22 10 18
-22 -10 13
-22 11 13
-22 -11 7
-22 12 10
-22 -12 13
-22 13 13
-22 -13 7
-22 14 16
-22 -14 11
-22 15 9
-22 -15 8
-22 16 9
-22 -16 5
-22 17 9
-22 -17 8
-22 18 10
-22 -18 3
-22 19 4
-22 -19 3
-22 2 15
-22 -2 15
-22 20 15
-22 -20 6
-22 21 6
-22 -21 12
-22 22 9
-22 -22 8
-22 23 4
-22 -23 6
-22 24 4
-22 -24 8
-22 25 7
-22 -25 4
-22 26 6
-22 -26 5
-22 27 7
-22 -27 4
-22 28 5
-22 -28 8
-22 29 4
-22 -29 5
-22 3 15
-22 -3 11
-22 30 6
-22 -30 1
-22 31 6
-22 -31 3
-22 32 4
-22 -32 4
-22 33 4
-22 -33 3
-22 34 3
-22 -34 1
-22 35 6
-22 -35 2
-22 36 3
-22 -36 4
-22 37 7
-22 -37 4
-22 38 2
-22 -38 5
-22 39 3
-22 -39 2
-22 4 5
-22 -4 9
-22 40 9
-22 -40 5
-22 5 8
-22 -5 14
-22 6 12
-22 -6 20
-22 7 17
-22 -7 14
-22 8 13
-22 -8 11
-22 9 7
-22 -9 7
-21 0 15
-21 1 16
-21 -1 9
-21 10 10
-21 -10 13
-21 11 7
-21 -11 16
-21 12 11
-21 -12 12
-21 13 10
-21 -13 12
-21 14 10
-21 -14 14
-21 15 10
-21 -15 8
-21 16 15
-21 -16 11
-21 17 11
-21 -17 12
-21 18 10
-21 -18 9
-21 19 10
-21 -19 14
-21 2 14
-21 -2 20
-21 20 8
-21 -20 6
-21 21 12
-21 -21 10
-21 22 8
-21 -22 13
-21 23 5
-21 -23 8
-21 24 7
-21 -24 6
-21 25 7
-21 -25 6
-21 26 9
-21 -26 9
-21 27 6
-21 -27 9
-21 28 9
-21 -28 3
-21 29 4
-21 -29 10
-21 3 20
-21 -3 15
-21 30 8
-21 -30 8
-21 31 5
-21 -31 9
-21 32 6
-21 -32 6
-21 33 7
-21 -33 4
-21 34 3
-21 -34 5
-21 35 5
-21 -35 3
-21 36 4
-21 -36 4
-21 37 4
-21 -37 4
-21 38 1
-21 -38 2
-21 39 2
-21 -39 1
-21 4 10
-21 -4 15
-21 40 3
-21 -40 8
-21 5 12
-21 -5 15
-21 6 12
-21 -6 11
-21 7 11
-21 -7 13
-21 8 10
-21 -8 12
-21 9 11
-21 -9 13
-20 0 21
-20 1 7
-20 -1 9
-20 10 12
-20 -10 13
-20 11 11
-20 -11 23
-20 12 15
-20 -12 19
-20 13 14
-20 -13 14
-20 14 17
-20 -14 21
-20 15 13
-20 -15 12
-20 16 12
-20 -16 10
-20 17 8
-20 -17 4
-20 18 13
-20 -18 7
-20 19 7
-20 -19 7
-20 2 24
-20 -2 19
-20 20 9
-20 -20 8
-20 21 6
-20 -21 9
-20 22 15
-20 -22 8
-20 23 10
-20 -23 10
-20 24 9
-20 -24 11
-20 25 6
-20 -25 11
-20 26 10
-20 -26 11
-20 27 4
-20 -27 4
-20 28 9
-20 -28 4
-20 29 1
-20 -29 4
-20 3 18
-20 -3 20
-20 30 14
-20 -30 7
-20 31 7
-20 -31 8
-20 32 4
-20 -32 1
-20 33 3
-20 -33 4
-20 34 2
-20 -34 5
-20 35 5
-20 -35 4
-20 36 3
-20 -36 4
-20 37 5
-20 -37 6
-20 38 7
-20 -38 4
-20 39 6
-20 -39 5
-20 4 16
-20 -4 13
-20 40 6
-20 -40 6
-20 5 14
-20 -5 14
-20 6 10
-20 -6 11
-20 7 18
-20 -7 8
-20 8 9
-20 -8 31
-20 9 16
-20 -9 7
-19 0 18
-19 1 18
-19 -1 17
-19 10 14
-19 -10 13
-19 11 19
-19 -11 17
-19 12 18
-19 -12 16
-19 13 19
-19 -13 12
-19 14 10
-19 -14 11
-19 15 14
-19 -15 16
-19 16 14
-19 -16 9
-19 17 15
-19 -17 8
-19 18 13
-19 -18 12
-19 19 12
-19 -19 7
-19 2 15
-19 -2 16
-19 20 11
-19 -20 8
-19 21 9
-19 -21 6
-19 22 6
-19 -22 8
-19 23 11
-19 -23 11
-19 24 9
-19 -24 8
-19 25 5
-19 -25 5
-19 26 7
-19 -26 2
-19 27 9
-19 -27 9
-19 28 5
-19 -28 6
-19 29 5
-19 -29 8
-19 3 20
-19 -3 22
-19 30 7
-19 -30 8
-19 31 6
-19 -31 6
-19 32 4
-19 -32 9
-19 33 2
-19 -33 1
-19 34 6
-19 -34 4
-19 35 5
-19 -35 6
-19 36 4
-19 -36 4
-19 37 7
-19 -37 8
-19 38 2
-19 -38 3
-19 39 9
-19 -39 5
-19 4 18
-19 -4 16
-19 40 9
-19 -40 1
-19 5 14
-19 -5 17
-19 6 18
-19 -6 22
-19 7 18
-19 -7 17
-19 8 11
-19 -8 16
-19 9 20
-19 -9 7
-18 0 20
-18 1 20
-18 -1 23
-18 10 15
-18 -10 15
-18 11 14
-18 -11 14
-18 12 19
-18 -12 9
-18 13 13
-18 -13 15
-18 14 12
-18 -14 26
-18 15 16
-18 -15 9
-18 16 14
-18 -16 17
-18 17 16
-18 -17 8
-18 18 12
-18 -18 10
-18 19 12
-18 -19 9
-18 2 23
-18 -2 14
-18 20 9
-18 -20 11
-18 21 14
-18 -21 10
-18 22 5
-18 -22 10
-18 23 8
-18 -23 7
-18 24 4
-18 -24 4
-18 25 7
-18 -25 6
-18 26 7
-18 -26 3
-18 27 3
-18 -27 7
-18 28 6
-18 -28 9
-18 29 4
-18 -29 6
-18 3 10
-18 -3 22
-18 30 9
-18 -30 9
-18 31 5
-18 -31 7
-18 32 5
-18 -32 6
-18 33 4
-18 -33 4
-18 34 2
-18 -34 4
-18 35 5
-18 -35 5
-18 36 5
-18 -36 4
-18 37 3
-18 -37 4
-18 -38 4
-18 39 5
-18 -39 3
-18 4 21
-18 -4 11
-18 40 3
-18 -40 2
-18 5 13
-18 -5 13
-18 6 13
-18 -6 20
-18 7 18
-18 -7 16
-18 8 17
-18 -8 24
-18 9 21
-18 -9 18
-17 0 15
-17 1 27
-17 -1 24
-17 10 18
-17 -10 21
-17 11 21
-17 -11 23
-17 12 16
-17 -12 14
-17 13 16
-17 -13 18
-17 14 11
-17 -14 26
-17 15 13
-17 -15 20
-17 16 23
-17 -16 12
-17 17 16
-17 -17 15
-17 18 9
-17 -18 9
-17 19 15
-17 -19 9
-17 2 27
-17 -2 22
-17 20 13
-17 -20 10
-17 21 12
-17 -21 8
-17 22 16
-17 -22 10
-17 23 5
-17 -23 5
-17 24 5
-17 -24 3
-17 25 5
-17 -25 7
-17 26 9
-17 -26 2
-17 27 11
-17 -27 4
-17 28 3
-17 -28 2
-17 29 2
-17 -29 5
-17 3 20
-17 -3 20
-17 30 6
-17 -30 6
-17 31 3
-17 -31 7
-17 32 10
-17 -32 4
-17 33 7
-17 -33 3
-17 34 5
-17 -34 4
-17 35 4
-17 -35 6
-17 36 8
-17 -36 3
-17 37 7
-17 -37 5
-17 38 3
-17 -38 3
-17 39 6
-17 -39 4
-17 4 20
-17 -4 23
-17 40 5
-17 -40 2
-17 5 22
-17 -5 23
-17 6 22
-17 -6 17
-17 7 18
-17 -7 14
-17 8 26
-17 -8 19
-17 9 16
-17 -9 20
-16 0 27
-16 1 27
-16 -1 28
-16 10 22
-16 -10 22
-16 11 27
-16 -11 23
-16 12 14
-16 -12 19
-16 13 17
-16 -13 17
-16 14 13
-16 -14 23
-16 15 16
-16 -15 16
-16 16 16
-16 -16 14
-16 17 15
-16 -17 15
-16 18 17
-16 -18 12
-16 19 11
-16 -19 7
-16 2 25
-16 -2 27
-16 20 7
-16 -20 10
-16 21 13
-16 -21 6
-16 22 8
-16 -22 13
-16 23 10
-16 -23 7
-16 24 14
-16 -24 7
-16 25 7
-16 -25 6
-16 26 8
-16 -26 6
-16 27 6
-16 -27 4
-16 28 4
-16 -28 6
-16 29 7
-16 -29 4
-16 3 23
-16 -3 25
-16 30 4
-16 -30 10
-16 31 5
-16 -31 4
-16 32 6
-16 -32 7
-16 33 5
-16 -33 6
-16 34 4
-16 -34 9
-16 35 5
-16 -35 2
-16 36 3
-16 -36 8
-16 37 5
-16 -37 3
-16 38 5
-16 -38 1
-16 39 4
-16 -39 7
-16 4 25
-16 -4 32
-16 40 3
-16 -40 6
-16 5 24
-16 -5 36
-16 6 18
-16 -6 24
-16 7 30
-16 -7 21
-16 8 17
-16 -8 20
-16 9 23
-16 -9 30
-15 0 32
-15 1 27
-15 -1 20
-15 10 30
-15 -10 26
-15 11 29
-15 -11 25
-15 12 24
-15 -12 27
-15 13 22
-15 -13 27
-15 14 20
-15 -14 22
-15 15 15
-15 -15 12
-15 16 19
-15 -16 15
-15 17 15
-15 -17 14
-15 18 16
-15 -18 13
-15 19 12
-15 -19 13
-15 2 30
-15 -2 37
-15 20 16
-15 -20 9
-15 21 13
-15 -21 12
-15 22 13
-15 -22 18
-15 23 9
-15 -23 6
-15 24 10
-15 -24 5
-15 25 13
-15 -25 10
-15 26 10
-15 -26 11
-15 27 7
-15 -27 10
-15 28 12
-15 -28 7
-15 29 10
-15 -29 9
-15 3 36
-15 -3 23
-15 30 7
-15 -30 5
-15 31 6
-15 -31 8
-15 32 8
-15 -32 8
-15 33 7
-15 -33 7
-15 34 4
-15 -34 10
-15 35 3
-15 -35 1
-15 36 6
-15 37 3
-15 -37 6
-15 38 6
-15 -38 4
-15 39 7
-15 -39 1
-15 4 22
-15 -4 30
-15 40 4
-15 -40 3
-15 5 36
-15 -5 35
-15 6 16
-15 -6 29
-15 7 32
-15 -7 33
-15 8 24
-15 -8 24
-15 9 38
-15 -9 29
-14 0 41
-14 1 31
-14 -1 45
-14 10 40
-14 -10 46
-14 11 33
-14 -11 39
-14 12 32
-14 -12 28
-14 13 33
-14 -13 33
-14 14 26
-14 -14 24
-14 15 29
-14 -15 22
-14 16 27
-14 -16 15
-14 17 23
-14 -17 21
-14 18 19
-14 -18 17
-14 19 13
-14 -19 10
-14 2 40
-14 -2 36
-14 20 13
-14 -20 18
-14 21 15
-14 -21 5
-14 22 14
-14 -22 19
-14 23 14
-14 -23 7
-14 24 5
-14 -24 15
-14 25 10
-14 -25 10
-14 26 8
-14 -26 6
-14 27 7
-14 -27 4
-14 28 3
-14 -28 3
-14 29 11
-14 -29 8
-14 3 35
-14 -3 40
-14 30 11
-14 -30 8
-14 31 13
-14 -31 6
-14 32 5
-14 -32 3
-14 33 8
-14 -33 6
-14 34 4
-14 -34 9
-14 35 10
-14 -35 5
-14 36 6
-14 -36 3
-14 37 8
-14 -37 9
-14 38 2
-14 -38 8
-14 39 3
-14 -39 7
-14 4 38
-14 -4 35
-14 40 5
-14 -40 4
-14 5 32
-14 -5 37
-14 6 33
-14 -6 39
-14 7 28
-14 -7 37
-14 8 34
-14 -8 32
-14 9 47
-14 -9 30
-13 0 42
-13 1 45
-13 -1 37
-13 10 52
-13 -10 38
-13 11 40
-13 -11 38
-13 12 47
-13 -12 39
-13 13 35
-13 -13 34
-13 14 33
-13 -14 37
-13 15 38
-13 -15 23
-13 16 26
-13 -16 25
-13 17 19
-13 -17 22
-13 18 16
-13 -18 22
-13 19 15
-13 -19 16
-13 2 42
-13 -2 42
-13 20 20
-13 -20 11
-13 21 26
-13 -21 15
-13 22 11
-13 -22 16
-13 23 12
-13 -23 12
-13 24 11
-13 -24 16
-13 25 13
-13 -25 11
-13 26 10
-13 -26 9
-13 27 11
-13 -27 13
-13 28 7
-13 -28 3
-13 29 3
-13 -29 5
-13 3 41
-13 -3 39
-13 30 4
-13 -30 6
-13 31 8
-13 -31 6
-13 32 14
-13 -32 5
-13 33 10
-13 -33 6
-13 34 6
-13 -34 6
-13 35 6
-13 -35 2
-13 36 2
-13 -36 5
-13 37 7
-13 -37 3
-13 38 6
-13 -38 7
-13 39 5
-13 -39 4
-13 4 37
-13 -4 43
-13 40 6
-13 -40 4
-13 5 41
-13 -5 37
-13 6 38
-13 -6 37
-13 7 35
-13 -7 49
-13 8 33
-13 -8 44
-13 9 44
-13 -9 45
-12 0 42
-12 1 42
-12 -1 41
-12 10 38
-12 -10 49
-12 11 40
-12 -11 39
-12 12 39
-12 -12 35
-12 13 35
-12 -13 42
-12 14 44
-12 -14 26
-12 15 32
-12 -15 20
-12 16 31
-12 -16 30
-12 17 21
-12 -17 14
-12 18 25
-12 -18 16
-12 19 21
-12 -19 13
-12 2 42
-12 -2 35
-12 20 18
-12 -20 16
-12 21 21
-12 -21 15
-12 22 14
-12 -22 10
-12 23 12
-12 -23 10
-12 24 10
-12 -24 15
-12 25 13
-12 -25 6
-12 26 11
-12 -26 7
-12 27 10
-12 -27 9
-12 28 8
-12 -28 6
-12 29 10
-12 -29 6
-12 3 43
-12 -3 37
-12 30 6
-12 -30 9
-12 31 8
-12 -31 9
-12 32 8
-12 -32 6
-12 33 3
-12 -33 6
-12 34 7
-12 -34 3
-12 35 4
-12 -35 7
-12 -36 6
-12 37 4
-12 -37 5
-12 -38 6
-12 39 2
-12 -39 4
-12 4 39
-12 -4 42
-12 40 4
-12 -40 2
-12 5 46
-12 -5 40
-12 6 42
-12 -6 49
-12 7 44
-12 -7 40
-12 8 55
-12 -8 48
-12 9 51
-12 -9 45
-11 0 58
-11 1 34
-11 -1 47
-11 10 42
-11 -10 41
-11 11 48
-11 -11 44
-11 12 40
-11 -12 44
-11 13 47
-11 -13 41
-11 14 44
-11 -14 39
-11 15 48
-11 -15 25
-11 16 32
-11 -16 29
-11 17 18
-11 -17 23
-11 18 20
-11 -18 15
-11 19 15
-11 -19 18
-11 2 50
-11 -2 52
-11 20 13
-11 -20 11
-11 21 7
-11 -21 8
-11 22 17
-11 -22 14
-11 23 15
-11 -23 10
-11 24 8
-11 -24 13
-11 25 11
-11 -25 11
-11 26 10
-11 -26 8
-11 27 11
-11 -27 12
-11 28 12
-11 -28 7
-11 29 5
-11 -29 3
-11 3 43
-11 -3 40
-11 30 13
-11 -30 5
-11 31 5
-11 -31 6
-11 32 6
-11 -32 9
-11 33 5
-11 -33 3
-11 34 4
-11 -34 8
-11 35 5
-11 -35 6
-11 36 7
-11 -36 4
-11 37 9
-11 -37 10
-11 38 7
-11 -38 4
-11 39 5
-11 -39 4
-11 4 50
-11 -4 48
-11 40 2
-11 -40 5
-11 5 47
-11 -5 36
-11 6 48
-11 -6 40
-11 7 46
-11 -7 52
-11 8 53
-11 -8 57
-11 9 45
-11 -9 49
-10 0 44
-10 1 53
-10 -1 51
-10 10 53
-10 -10 50
-10 11 60
-10 -11 39
-10 12 47
-10 -12 46
-10 13 52
-10 -13 44
-10 14 54
-10 -14 40
-10 15 40
-10 -15 34
-10 16 30
-10 -16 19
-10 17 27
-10 -17 17
-10 18 26
-10 -18 13
-10 19 16
-10 -19 15
-10 2 46
-10 -2 48
-10 20 20
-10 -20 9
-10 21 15
-10 -21 9
-10 22 8
-10 -22 10
-10 23 12
-10 -23 11
-10 24 13
-10 -24 8
-10 25 15
-10 -25 6
-10 26 3
-10 -26 11
-10 27 10
-10 -27 9
-10 28 8
-10 -28 11
-10 29 6
-10 -29 7
-10 3 48
-10 -3 50
-10 30 6
-10 -30 6
-10 31 5
-10 -31 8
-10 32 12
-10 -32 7
-10 33 4
-10 -33 8
-10 34 6
-10 -34 4
-10 35 2
-10 -35 11
-10 36 5
-10 -36 5
-10 37 6
-10 -37 4
-10 38 7
-10 -38 5
-10 39 12
-10 -39 8
-10 4 44
-10 -4 45
-10 40 3
-10 -40 6
-10 5 47
-10 -5 51
-10 6 42
-10 -6 39
-10 7 54
-10 -7 40
-10 8 53
-10 -8 49
-10 9 54
-10 -9 55
-9 0 58
-9 1 64
-9 -1 48
-9 10 59
-9 -10 35
-9 11 51
-9 -11 46
-9 12 48
-9 -12 47
-9 13 50
-9 -13 37
-9 14 50
-9 -14 29
-9 15 39
-9 -15 24
-9 16 35
-9 -16 20
-9 17 22
-9 -17 9
-9 18 19
-9 -18 14
-9 19 27
-9 -19 18
-9 2 47
-9 -2 40
-9 20 13
-9 -20 10
-9 21 17
-9 -21 9
-9 22 9
-9 -22 15
-9 23 15
-9 -23 8
-9 24 11
-9 -24 6
-9 25 3
-9 -25 11
-9 26 12
-9 -26 11
-9 27 11
-9 -27 10
-9 28 9
-9 -28 10
-9 29 6
-9 -29 8
-9 3 35
-9 -3 47
-9 30 7
-9 -30 3
-9 31 7
-9 -31 5
-9 32 10
-9 -32 6
-9 33 8
-9 -33 11
-9 34 4
-9 -34 7
-9 35 6
-9 -35 6
-9 36 6
-9 -36 5
-9 37 5
-9 -37 1
-9 38 5
-9 -38 7
-9 39 2
-9 -39 4
-9 4 39
-9 -4 47
-9 40 1
-9 -40 4
-9 5 42
-9 -5 43
-9 6 52
-9 -6 45
-9 7 57
-9 -7 38
-9 8 56
-9 -8 45
-9 9 52
-9 -9 57
-8 0 50
-8 1 58
-8 -1 51
-8 10 62
-8 -10 46
-8 11 62
-8 -11 53
-8 12 46
-8 -12 45
-8 13 42
-8 -13 38
-8 14 51
-8 -14 40
-8 15 32
-8 -15 24
-8 16 39
-8 -16 18
-8 17 27
-8 -17 9
-8 18 20
-8 -18 26
-8 19 18
-8 -19 16
-8 2 52
-8 -2 47
-8 20 13
-8 -20 16
-8 21 13
-8 -21 12
-8 22 16
-8 -22 10
-8 23 14
-8 -23 9
-8 24 7
-8 -24 12
-8 25 10
-8 -25 9
-8 26 12
-8 -26 7
-8 27 11
-8 -27 10
-8 28 12
-8 -28 15
-8 29 7
-8 -29 9
-8 3 42
-8 -3 45
-8 30 8
-8 -30 7
-8 31 3
-8 -31 4
-8 32 6
-8 -32 10
-8 33 3
-8 -33 7
-8 34 7
-8 -34 3
-8 35 7
-8 -35 7
-8 36 7
-8 -36 6
-8 37 5
-8 -37 11
-8 38 8
-8 -38 8
-8 39 6
-8 -39 8
-8 4 48
-8 -4 47
-8 40 4
-8 -40 1
-8 5 52
-8 -5 49
-8 6 57
-8 -6 40
-8 7 63
-8 -7 47
-8 8 61
-8 -8 44
-8 9 51
-8 -9 44
-7 0 55
-7 1 52
-7 -1 56
-7 10 52
-7 -10 48
-7 11 63
-7 -11 45
-7 12 48
-7 -12 34
-7 13 42
-7 -13 41
-7 14 38
-7 -14 34
-7 15 42
-7 -15 28
-7 16 32
-7 -16 23
-7 17 27
-7 -17 22
-7 18 26
-7 -18 19
-7 19 21
-7 -19 18
-7 2 57
-7 -2 53
-7 20 6
-7 -20 14
-7 21 18
-7 -21 17
-7 22 9
-7 -22 16
-7 23 14
-7 -23 14
-7 24 17
-7 -24 11
-7 25 10
-7 -25 14
-7 26 20
-7 -26 8
-7 27 10
-7 -27 4
-7 28 5
-7 -28 11
-7 29 11
-7 -29 5
-7 3 57
-7 -3 51
-7 30 10
-7 -30 9
-7 31 7
-7 -31 5
-7 32 8
-7 -32 9
-7 33 8
-7 -33 6
-7 34 6
-7 -34 8
-7 35 4
-7 -35 6
-7 36 6
-7 -36 6
-7 37 6
-7 -37 6
-7 38 6
-7 -38 4
-7 39 5
-7 -39 3
-7 4 45
-7 -4 41
-7 40 6
-7 -40 3
-7 5 45
-7 -5 52
-7 6 55
-7 -6 38
-7 7 44
-7 -7 47
-7 8 54
-7 -8 52
-7 9 56
-7 -9 45
-6 0 68
-6 1 63
-6 -1 52
-6 10 63
-6 -10 43
-6 11 52
-6 -11 48
-6 12 49
-6 -12 41
-6 13 50
-6 -13 37
-6 14 44
-6 -14 27
-6 15 37
-6 -15 30
-6 16 32
-6 -16 23
-6 17 25
-6 -17 19
-6 18 22
-6 -18 20
-6 19 22
-6 -19 18
-6 2 55
-6 -2 48
-6 20 18
-6 -20 15
-6 21 22
-6 -21 8
-6 22 14
-6 -22 13
-6 23 13
-6 -23 11
-6 24 11
-6 -24 12
-6 25 9
-6 -25 11
-6 26 8
-6 -26 12
-6 27 10
-6 -27 8
-6 28 11
-6 -28 12
-6 29 12
-6 -29 6
-6 3 56
-6 -3 58
-6 30 9
-6 -30 6
-6 31 6
-6 -31 6
-6 32 5
-6 -32 7
-6 33 8
-6 -33 5
-6 34 9
-6 -34 12
-6 35 4
-6 -35 3
-6 36 5
-6 -36 8
-6 37 7
-6 -37 7
-6 38 5
-6 -38 5
-6 39 4
-6 -39 4
-6 4 55
-6 -4 46
-6 40 8
-6 -40 6
-6 5 47
-6 -5 49
-6 6 53
-6 -6 39
-6 7 52
-6 -7 42
-6 8 56
-6 -8 41
-6 9 45
-6 -9 43
-5 0 53
-5 1 65
-5 -1 60
-5 10 47
-5 -10 46
-5 11 58
-5 -11 45
-5 12 43
-5 -12 54
-5 13 49
-5 -13 53
-5 14 38
-5 -14 36
-5 15 36
-5 -15 27
-5 16 27
-5 -16 17
-5 17 28
-5 -17 26
-5 18 17
-5 -18 21
-5 19 11
-5 -19 21
-5 2 53
-5 -2 56
-5 20 21
-5 -20 19
-5 21 11
-5 -21 7
-5 22 17
-5 -22 17
-5 23 8
-5 -23 12
-5 24 14
-5 -24 12
-5 25 12
-5 -25 12
-5 26 9
-5 -26 7
-5 27 9
-5 -27 7
-5 28 13
-5 -28 9
-5 29 13
-5 -29 4
-5 3 48
-5 -3 66
-5 30 10
-5 -30 7
-5 31 6
-5 -31 11
-5 32 9
-5 -32 6
-5 33 12
-5 -33 3
-5 34 7
-5 -34 8
-5 35 10
-5 -35 6
-5 36 8
-5 -36 5
-5 37 3
-5 -37 8
-5 38 6
-5 -38 7
-5 39 4
-5 -39 3
-5 4 45
-5 -4 55
-5 40 4
-5 -40 5
-5 5 55
-5 -5 55
-5 6 56
-5 -6 49
-5 7 63
-5 -7 52
-5 8 56
-5 -8 44
-5 9 54
-5 -9 44
-4 0 63
-4 1 63
-4 -1 51
-4 10 62
-4 -10 42
-4 11 54
-4 -11 49
-4 12 44
-4 -12 43
-4 13 52
-4 -13 40
-4 14 50
-4 -14 32
-4 15 43
-4 -15 36
-4 16 33
-4 -16 27
-4 17 21
-4 -17 16
-4 18 22
-4 -18 21
-4 19 18
-4 -19 17
-4 2 51
-4 -2 53
-4 20 20
-4 -20 12
-4 21 20
-4 -21 18
-4 22 16
-4 -22 17
-4 23 10
-4 -23 10
-4 24 10
-4 -24 6
-4 25 11
-4 -25 14
-4 26 7
-4 -26 9
-4 27 11
-4 -27 6
-4 28 7
-4 -28 12
-4 29 4
-4 -29 6
-4 3 56
-4 -3 50
-4 30 6
-4 -30 7
-4 31 8
-4 -31 7
-4 32 7
-4 -32 8
-4 33 3
-4 -33 6
-4 34 7
-4 -34 5
-4 35 3
-4 -35 6
-4 36 8
-4 -36 6
-4 37 9
-4 -37 5
-4 38 6
-4 -38 6
-4 39 5
-4 -39 5
-4 4 58
-4 -4 45
-4 40 6
-4 -40 3
-4 5 60
-4 -5 46
-4 6 44
-4 -6 54
-4 7 60
-4 -7 46
-4 8 47
-4 -8 41
-4 9 54
-4 -9 33
-3 0 60
-3 1 53
-3 -1 51
-3 10 68
-3 -10 45
-3 11 48
-3 -11 39
-3 12 50
-3 -12 52
-3 13 55
-3 -13 46
-3 14 44
-3 -14 41
-3 15 44
-3 -15 35
-3 16 20
-3 -16 29
-3 17 30
-3 -17 16
-3 18 20
-3 -18 15
-3 19 20
-3 -19 10
-3 2 57
-3 -2 57
-3 20 14
-3 -20 15
-3 21 17
-3 -21 10
-3 22 16
-3 -22 13
-3 23 12
-3 -23 15
-3 24 12
-3 -24 9
-3 25 14
-3 -25 11
-3 26 7
-3 -26 11
-3 27 9
-3 -27 14
-3 28 6
-3 -28 8
-3 29 10
-3 -29 15
-3 3 64
-3 -3 49
-3 30 9
-3 -30 7
-3 31 4
-3 -31 8
-3 32 16
-3 -32 5
-3 33 11
-3 -33 10
-3 34 8
-3 -34 8
-3 35 9
-3 -35 6
-3 36 5
-3 -36 5
-3 37 11
-3 -37 3
-3 38 7
-3 -38 5
-3 39 5
-3 -39 7
-3 4 59
-3 -4 58
-3 40 7
-3 -40 8
-3 5 67
-3 -5 50
-3 6 46
-3 -6 49
-3 7 47
-3 -7 40
-3 8 55
-3 -8 34
-3 9 46
-3 -9 47
-2 0 61
-2 1 53
-2 -1 66
-2 10 50
-2 -10 38
-2 11 60
-2 -11 44
-2 12 48
-2 -12 42
-2 13 44
-2 -13 51
-2 14 44
-2 -14 46
-2 15 27
-2 -15 25
-2 16 31
-2 -16 23
-2 17 30
-2 -17 19
-2 18 31
-2 -18 21
-2 19 20
-2 -19 14
-2 2 55
-2 -2 58
-2 20 21
-2 -20 18
-2 21 18
-2 -21 11
-2 22 10
-2 -22 11
-2 23 14
-2 -23 7
-2 24 14
-2 -24 9
-2 25 18
-2 -25 12
-2 26 9
-2 -26 5
-2 27 11
-2 -27 6
-2 28 12
-2 -28 7
-2 29 10
-2 -29 4
-2 3 54
-2 -3 62
-2 30 5
-2 -30 7
-2 31 7
-2 -31 6
-2 32 4
-2 -32 3
-2 33 4
-2 -33 5
-2 34 4
-2 -34 8
-2 35 8
-2 -35 6
-2 36 7
-2 -36 7
-2 37 2
-2 -37 3
-2 38 3
-2 -38 7
-2 39 8
-2 -39 4
-2 4 44
-2 -4 63
-2 40 3
-2 -40 12
-2 5 61
-2 -5 53
-2 6 62
-2 -6 59
-2 7 62
-2 -7 56
-2 8 50
-2 -8 45
-2 9 43
-2 -9 41
-1 0 67
-1 1 64
-1 -1 64
-1 10 51
-1 -10 40
-1 11 64
-1 -11 39
-1 12 46
-1 -12 45
-1 13 60
-1 -13 37
-1 14 46
-1 -14 38
-1 15 45
-1 -15 32
-1 16 29
-1 -16 25
-1 17 29
-1 -17 22
-1 18 17
-1 -18 22
-1 19 13
-1 -19 9
-1 2 57
-1 -2 54
-1 20 20
-1 -20 17
-1 21 14
-1 -21 16
-1 22 13
-1 -22 10
-1 23 8
-1 -23 9
-1 24 13
-1 -24 13
-1 25 13
-1 -25 13
-1 26 3
-1 -26 15
-1 27 10
-1 -27 13
-1 28 12
-1 -28 18
-1 29 8
-1 -29 8
-1 3 65
-1 -3 49
-1 30 10
-1 -30 8
-1 31 3
-1 -31 6
-1 32 9
-1 -32 12
-1 33 5
-1 -33 10
-1 34 8
-1 -34 5
-1 35 4
-1 -35 7
-1 36 4
-1 -36 5
-1 37 7
-1 -37 9
-1 38 11
-1 -38 5
-1 39 5
-1 -39 3
-1 4 52
-1 -4 67
-1 40 8
-1 -40 2
-1 5 58
-1 -5 47
-1 6 54
-1 -6 52
-1 7 58
-1 -7 57
-1 8 61
-1 -8 55
-1 9 67
-1 -9 45
0 0 66
0 1 65
0 -1 66
0 10 54
0 -10 49
0 11 59
0 -11 51
0 12 57
0 -12 60
0 13 37
0 -13 55
0 14 51
0 -14 34
0 15 45
0 -15 37
0 16 30
0 -16 27
0 17 26
0 -17 25
0 18 16
0 -18 15
0 19 19
0 -19 17
0 2 57
0 -2 42
0 20 20
0 -20 14
0 21 19
0 -21 9
0 22 13
0 -22 14
0 23 15
0 -23 15
0 24 11
0 -24 11
0 25 9
0 -25 12
0 26 10
0 -26 5
0 27 10
0 -27 7
0 28 7
0 -28 9
0 29 5
0 -29 7
0 3 64
0 -3 45
0 30 7
0 -30 11
0 31 4
0 -31 12
0 32 4
0 -32 8
0 33 8
0 -33 7
0 34 6
0 -34 5
0 35 4
0 -35 5
0 36 10
0 -36 6
0 37 4
0 -37 15
0 38 7
0 -38 9
0 39 5
0 -39 10
0 4 61
0 -4 47
0 40 7
0 -40 6
0 5 64
0 -5 51
0 6 60
0 -6 52
0 7 49
0 -7 52
0 8 55
0 -8 56
0 9 62
0 -9 52
1 0 69
1 1 46
1 -1 53
1 10 62
1 -10 42
1 11 52
1 -11 59
1 12 41
1 -12 42
1 13 48
1 -13 40
1 14 49
1 -14 43
1 15 41
1 -15 40
1 16 27
1 -16 33
1 17 32
1 -17 21
1 18 20
1 -18 18
1 19 22
1 -19 22
1 2 59
1 -2 60
1 20 20
1 -20 24
1 21 13
1 -21 17
1 22 17
1 -22 21
1 23 11
1 -23 12
1 24 14
1 -24 10
1 25 8
1 -25 8
1 26 18
1 -26 14
1 27 14
1 -27 10
1 28 12
1 -28 7
1 29 11
1 -29 7
1 3 67
1 -3 57
1 30 10
1 -30 6
1 31 7
1 -31 9
1 32 4
1 -32 4
1 33 5
1 -33 5
1 34 10
1 -34 5
1 35 8
1 -35 5
1 36 5
1 -36 7
1 37 6
1 -37 4
1 38 8
1 -38 7
1 39 5
1 -39 9
1 4 62
1 -4 39
1 40 8
1 -40 7
1 5 58
1 -5 46
1 6 52
1 -6 64
1 7 55
1 -7 55
1 8 50
1 -8 59
1 9 50
1 -9 55
2 0 56
2 1 57
2 -1 54
2 10 46
2 -10 48
2 11 43
2 -11 45
2 12 46
2 -12 43
2 13 28
2 -13 48
2 14 41
2 -14 34
2 15 41
2 -15 35
2 16 22
2 -16 24
2 17 30
2 -17 19
2 18 27
2 -18 25
2 19 22
2 -19 17
2 2 50
2 -2 52
2 20 20
2 -20 13
2 21 6
2 -21 13
2 22 18
2 -22 14
2 23 7
2 -23 8
2 24 7
2 -24 14
2 25 14
2 -25 9
2 26 10
2 -26 10
2 27 13
2 -27 12
2 28 7
2 -28 10
2 29 9
2 -29 7
2 3 50
2 -3 38
2 30 15
2 -30 6
2 31 4
2 -31 8
2 32 7
2 -32 9
2 33 5
2 -33 10
2 34 8
2 -34 6
2 35 10
2 -35 13
2 36 8
2 -36 2
2 37 4
2 -37 4
2 38 3
2 -38 5
2 39 6
2 -39 2
2 4 48
2 -4 49
2 40 5
2 -40 6
2 5 56
2 -5 50
2 6 41
2 -6 49
2 7 55
2 -7 48
2 8 57
2 -8 46
2 9 59
2 -9 46
3 0 67
3 1 42
3 -1 50
3 10 47
3 -10 41
3 11 48
3 -11 48
3 12 35
3 -12 42
3 13 52
3 -13 45
3 14 44
3 -14 36
3 15 38
3 -15 34
3 16 29
3 -16 30
3 17 23
3 -17 29
3 18 28
3 -18 26
3 19 20
3 -19 16
3 2 48
3 -2 49
3 20 22
3 -20 11
3 21 19
3 -21 14
3 22 18
3 -22 4
3 23 13
3 -23 9
3 24 12
3 -24 10
3 25 12
3 -25 8
3 26 13
3 -26 5
3 27 12
3 -27 12
3 28 5
3 -28 7
3 29 5
3 -29 7
3 3 57
3 -3 61
3 30 7
3 -30 6
3 31 7
3 -31 9
3 32 8
3 -32 4
3 33 5
3 -33 13
3 34 7
3 -34 5
3 35 6
3 -35 9
3 36 4
3 -36 4
3 37 5
3 -37 8
3 38 6
3 -38 5
3 39 2
3 -39 5
3 4 55
3 -4 55
3 40 6
3 -40 7
3 5 57
3 -5 45
3 6 61
3 -6 53
3 7 70
3 -7 50
3 8 48
3 -8 40
3 9 41
3 -9 48
4 0 62
4 1 52
4 -1 56
4 10 54
4 -10 43
4 11 59
4 -11 53
4 12 42
4 -12 58
4 13 38
4 -13 46
4 14 46
4 -14 42
4 15 40
4 -15 38
4 16 31
4 -16 27
4 17 24
4 -17 21
4 18 16
4 -18 16
4 19 17
4 -19 22
4 2 52
4 -2 59
4 20 12
4 -20 14
4 21 9
4 -21 10
4 22 18
4 -22 9
4 23 13
4 -23 15
4 24 15
4 -24 8
4 25 10
4 -25 11
4 26 7
4 -26 11
4 27 12
4 -27 11
4 28 8
4 -28 7
4 29 9
4 -29 5
4 3 63
4 -3 53
4 30 6
4 -30 6
4 31 8
4 -31 3
4 32 10
4 -32 3
4 33 6
4 -33 5
4 34 11
4 -34 9
4 35 10
4 -35 7
4 36 7
4 -36 5
4 37 8
4 -37 1
4 38 5
4 -38 4
4 39 9
4 -39 9
4 4 64
4 -4 57
4 40 2
4 -40 2
4 5 52
4 -5 50
4 6 52
4 -6 49
4 7 45
4 -7 54
4 8 60
4 -8 40
4 9 52
4 -9 46
5 0 54
5 1 62
5 -1 60
5 10 48
5 -10 44
5 11 41
5 -11 38
5 12 48
5 -12 39
5 13 39
5 -13 35
5 14 42
5 -14 31
5 15 42
5 -15 22
5 16 30
5 -16 21
5 17 22
5 -17 17
5 18 21
5 -18 13
5 19 14
5 -19 18
5 2 55
5 -2 47
5 20 19
5 -20 13
5 21 20
5 -21 11
5 22 10
5 -22 10
5 23 19
5 -23 10
5 24 10
5 -24 10
5 25 12
5 -25 9
5 26 13
5 -26 15
5 27 6
5 -27 9
5 28 12
5 -28 11
5 29 12
5 -29 8
5 3 62
5 -3 57
5 30 6
5 -30 4
5 31 11
5 -31 12
5 32 5
5 -32 5
5 33 9
5 -33 10
5 34 5
5 -34 5
5 35 8
5 -35 9
5 36 6
5 -36 6
5 37 8
5 -37 5
5 38 7
5 -38 4
5 39 5
5 -39 11
5 4 57
5 -4 51
5 40 4
5 -40 5
5 5 55
5 -5 48
5 6 64
5 -6 53
5 7 43
5 -7 43
5 8 51
5 -8 42
5 9 59
5 -9 47
6 0 60
6 1 52
6 -1 54
6 10 49
6 -10 45
6 11 45
6 -11 49
6 12 53
6 -12 35
6 13 53
6 -13 23
6 14 48
6 -14 37
6 15 41
6 -15 28
6 16 22
6 -16 27
6 17 31
6 -17 25
6 18 20
6 -18 21
6 19 18
6 -19 17
6 2 62
6 -2 50
6 20 18
6 -20 8
6 21 17
6 -21 17
6 22 11
6 -22 13
6 23 15
6 -23 12
6 24 13
6 -24 10
6 25 18
6 -25 10
6 26 8
6 -26 7
6 27 11
6 -27 9
6 28 9
6 -28 6
6 29 4
6 -29 6
6 3 55
6 -3 57
6 30 8
6 -30 11
6 31 6
6 -31 6
6 32 9
6 -32 7
6 33 13
6 -33 8
6 34 6
6 -34 8
6 35 4
6 -35 11
6 36 11
6 -36 6
6 37 8
6 -37 7
6 38 7
6 -38 7
6 39 5
6 -39 3
6 4 53
6 -4 53
6 40 5
6 -40 7
6 5 51
6 -5 54
6 6 61
6 -6 54
6 7 59
6 -7 53
6 8 55
6 -8 52
6 9 52
6 -9 53
7 0 45
7 1 55
7 -1 57
7 10 42
7 -10 37
7 11 46
7 -11 37
7 12 39
7 -12 43
7 13 46
7 -13 28
7 14 43
7 -14 25
7 15 38
7 -15 33
7 16 35
7 -16 25
7 17 26
7 -17 23
7 18 17
7 -18 16
7 19 15
7 -19 12
7 2 51
7 -2 56
7 20 24
7 -20 24
7 21 19
7 -21 10
7 22 14
7 -22 12
7 23 18
7 -23 13
7 24 12
7 -24 8
7 25 7
7 -25 7
7 26 12
7 -26 12
7 27 14
7 -27 7
7 28 9
7 -28 8
7 29 6
7 -29 12
7 3 53
7 -3 51
7 30 8
7 -30 5
7 31 8
7 -31 11
7 32 3
7 -32 6
7 33 9
7 -33 3
7 34 6
7 -34 3
7 35 6
7 -35 6
7 36 4
7 -36 6
7 37 5
7 -37 7
7 38 5
7 -38 4
7 39 4
7 -39 3
7 4 57
7 -4 60
7 40 1
7 -40 4
7 5 47
7 -5 51
7 6 45
7 -6 53
7 7 53
7 -7 65
7 8 44
7 -8 56
7 9 52
7 -9 38
8 0 46
8 1 56
8 -1 51
8 10 49
8 -10 48
8 11 38
8 -11 41
8 12 48
8 -12 43
8 13 36
8 -13 34
8 14 41
8 -14 39
8 15 32
8 -15 31
8 16 32
8 -16 30
8 17 29
8 -17 15
8 18 30
8 -18 8
8 19 20
8 -19 13
8 2 55
8 -2 50
8 20 17
8 -20 9
8 21 14
8 -21 15
8 22 11
8 -22 12
8 23 23
8 -23 4
8 24 15
8 -24 7
8 25 9
8 -25 12
8 26 13
8 -26 6
8 27 14
8 -27 5
8 28 8
8 -28 9
8 29 8
8 -29 14
8 3 45
8 -3 57
8 30 9
8 -30 8
8 31 9
8 -31 5
8 32 11
8 -32 5
8 33 8
8 -33 3
8 34 5
8 -34 3
8 35 7
8 -35 7
8 36 5
8 -36 7
8 37 7
8 -37 6
8 38 3
8 -38 3
8 39 4
8 -39 10
8 4 48
8 -4 47
8 40 4
8 -40 11
8 5 51
8 -5 54
8 6 41
8 -6 60
8 7 43
8 -7 42
8 8 46
8 -8 40
8 9 35
8 -9 51
9 0 58
9 1 50
9 -1 59
9 10 52
9 -10 52
9 11 45
9 -11 45
9 12 53
9 -12 31
9 13 48
9 -13 25
9 14 38
9 -14 26
9 15 47
9 -15 34
9 16 25
9 -16 14
9 17 24
9 -17 22
9 18 22
9 -18 16
9 19 21
9 -19 14
9 2 59
9 -2 51
9 20 16
9 -20 18
9 21 17
9 -21 14
9 22 20
9 -22 12
9 23 12
9 -23 12
9 24 14
9 -24 11
9 25 8
9 -25 12
9 26 6
9 -26 11
9 27 8
9 -27 10
9 28 9
9 -28 11
9 29 7
9 -29 5
9 3 44
9 -3 51
9 30 6
9 -30 6
9 31 5
9 -31 11
9 32 6
9 -32 11
9 33 9
9 -33 5
9 34 9
9 -34 4
9 35 8
9 -35 5
9 36 7
9 -36 6
9 37 1
9 -37 4
9 38 10
9 -38 4
9 39 5
9 -39 10
9 4 46
9 -4 45
9 40 7
9 -40 9
9 5 55
9 -5 59
9 6 45
9 -6 44
9 7 40
9 -7 46
9 8 51
9 -8 44
9 9 52
9 -9 49
10 0 58
10 1 47
10 -1 52
10 10 43
10 -10 48
10 11 41
10 -11 39
10 12 51
10 -12 46
10 13 41
10 -13 21
10 14 43
10 -14 46
10 15 38
10 -15 24
10 16 27
10 -16 21
10 17 14
10 -17 16
10 18 27
10 -18 14
10 19 17
10 -19 15
10 2 45
10 -2 43
10 20 21
10 -20 19
10 21 19
10 -21 16
10 22 10
10 -22 11
10 23 9
10 -23 7
10 24 14
10 -24 7
10 25 11
10 -25 10
10 26 11
10 -26 11
10 27 6
10 -27 9
10 28 10
10 -28 5
10 29 9
10 -29 6
10 3 46
10 -3 56
10 30 8
10 -30 6
10 31 3
10 -31 10
10 32 8
10 -32 10
10 33 7
10 -33 4
10 34 5
10 -34 4
10 35 6
10 -35 5
10 36 3
10 -36 5
10 37 10
10 -37 4
10 38 1
10 -38 7
10 39 4
10 -39 3
10 4 50
10 -4 39
10 40 8
10 -40 5
10 5 56
10 -5 43
10 6 51
10 -6 46
10 7 50
10 -7 45
10 8 40
10 -8 49
10 9 50
10 -9 39
11 0 55
11 1 45
11 -1 48
11 10 36
11 -10 50
11 11 50
11 -11 38
11 12 40
11 -12 32
11 13 49
11 -13 28
11 14 48
11 -14 33
11 15 22
11 -15 30
11 16 31
11 -16 19
11 17 23
11 -17 18
11 18 21
11 -18 11
11 19 20
11 -19 10
11 2 45
11 -2 49
11 20 19
11 -20 16
11 21 19
11 -21 10
11 22 14
11 -22 12
11 23 9
11 -23 11
11 24 9
11 -24 6
11 25 10
11 -25 11
11 26 7
11 -26 10
11 27 13
11 -27 12
11 28 11
11 -28 5
11 29 7
11 -29 2
11 3 45
11 -3 42
11 30 7
11 -30 5
11 31 7
11 -31 13
11 32 5
11 -32 7
11 33 4
11 -33 7
11 34 2
11 -34 6
11 35 9
11 -35 3
11 36 3
11 -36 6
11 37 5
11 -37 5
11 38 5
11 -38 6
11 39 5
11 -39 8
11 4 32
11 -4 39
11 40 6
11 -40 4
11 5 39
11 -5 39
11 6 44
11 -6 48
11 7 30
11 -7 50
11 8 44
11 -8 50
11 9 41
11 -9 53
12 0 50
12 1 48
12 -1 51
12 10 39
12 -10 45
12 11 45
12 -11 39
12 12 44
12 -12 30
12 13 38
12 -13 35
12 14 38
12 -14 29
12 15 37
12 -15 21
12 16 28
12 -16 25
12 17 23
12 -17 23
12 18 12
12 -18 15
12 19 10
12 -19 16
12 2 52
12 -2 58
12 20 14
12 -20 11
12 21 8
12 -21 8
12 22 12
12 -22 13
12 23 9
12 -23 18
12 24 10
12 -24 7
12 25 9
12 -25 9
12 26 12
12 -26 10
12 27 3
12 -27 8
12 28 9
12 -28 12
12 29 6
12 -29 5
12 3 40
12 -3 61
12 30 10
12 -30 7
12 31 8
12 -31 7
12 32 3
12 -32 10
12 33 4
12 -33 9
12 34 8
12 -34 9
12 35 10
12 -35 2
12 36 3
12 -36 4
12 37 7
12 -37 3
12 38 8
12 -38 4
12 39 7
12 -39 6
12 4 39
12 -4 54
12 40 1
12 -40 4
12 5 48
12 -5 44
12 6 44
12 -6 56
12 7 40
12 -7 43
12 8 33
12 -8 44
12 9 37
12 -9 37
13 0 60
13 1 51
13 -1 45
13 10 41
13 -10 37
13 11 49
13 -11 41
13 12 39
13 -12 33
13 13 41
13 -13 32
13 14 36
13 -14 25
13 15 28
13 -15 22
13 16 24
13 -16 16
13 17 24
13 -17 20
13 18 19
13 -18 16
13 19 15
13 -19 13
13 2 46
13 -2 48
13 20 17
13 -20 10
13 21 9
13 -21 11
13 22 15
13 -22 11
13 23 9
13 -23 6
13 24 9
13 -24 16
13 25 6
13 -25 6
13 26 6
13 -26 12
13 27 1
13 -27 5
13 28 12
13 -28 3
13 29 5
13 -29 9
13 3 49
13 -3 51
13 30 7
13 -30 3
13 31 12
13 -31 10
13 32 4
13 -32 9
13 33 3
13 -33 6
13 34 8
13 -34 2
13 35 11
13 -35 11
13 36 5
13 -36 6
13 37 7
13 -37 5
13 38 2
13 -38 5
13 39 6
13 -39 3
13 4 46
13 -4 43
13 40 2
13 -40 3
13 5 43
13 -5 39
13 6 42
13 -6 45
13 7 32
13 -7 43
13 8 50
13 -8 27
13 9 41
13 -9 42
14 0 52
14 1 34
14 -1 40
14 10 38
14 -10 35
14 11 40
14 -11 35
14 12 40
14 -12 27
14 13 40
14 -13 19
14 14 36
14 -14 26
14 15 31
14 -15 25
14 16 23
14 -16 15
14 17 16
14 -17 12
14 18 16
14 -18 18
14 19 11
14 -19 9
14 2 36
14 -2 48
14 20 15
14 -20 13
14 21 9
14 -21 10
14 22 16
14 -22 12
14 23 12
14 -23 12
14 24 12
14 -24 14
14 25 15
14 -25 9
14 26 6
14 -26 6
14 27 9
14 -27 7
14 28 8
14 -28 7
14 29 12
14 -29 9
14 3 39
14 -3 43
14 30 8
14 -30 10
14 31 13
14 -31 8
14 32 4
14 -32 9
14 33 8
14 -33 10
14 34 6
14 -34 7
14 35 6
14 -35 6
14 36 3
14 -36 4
14 37 3
14 -37 8
14 38 5
14 -38 7
14 39 3
14 -39 6
14 4 34
14 -4 43
14 40 7
14 -40 5
14 5 49
14 -5 43
14 6 44
14 -6 38
14 7 42
14 -7 29
14 8 32
14 -8 27
14 9 32
14 -9 32
15 0 36
15 1 37
15 -1 26
15 10 31
15 -10 33
15 11 35
15 -11 27
15 12 39
15 -12 29
15 13 34
15 -13 25
15 14 23
15 -14 29
15 15 23
15 -15 20
15 16 25
15 -16 10
15 17 17
15 -17 17
15 18 18
15 -18 21
15 19 16
15 -19 16
15 2 44
15 -2 39
15 20 16
15 -20 15
15 21 12
15 -21 13
15 22 8
15 -22 9
15 23 16
15 -23 15
15 24 8
15 -24 7
15 25 10
15 -25 11
15 26 10
15 -26 9
15 27 7
15 -27 13
15 28 9
15 -28 5
15 29 8
15 -29 11
15 3 38
15 -3 29
15 30 1
15 -30 6
15 31 4
15 -31 5
15 32 6
15 -32 2
15 33 4
15 -33 7
15 34 8
15 -34 6
15 35 11
15 -35 7
15 36 5
15 -36 3
15 37 6
15 -37 11
15 38 3
15 -38 8
15 39 9
15 -39 4
15 4 36
15 -4 40
15 40 5
15 -40 1
15 5 36
15 -5 29
15 6 35
15 -6 25
15 7 39
15 -7 35
15 8 31
15 -8 28
15 9 40
15 -9 22
16 0 31
16 1 24
16 -1 26
16 10 27
16 -10 23
16 11 29
16 -11 18
16 12 25
16 -12 24
16 13 26
16 -13 25
16 14 18
16 -14 19
16 15 18
16 -15 12
16 16 17
16 -16 17
16 17 19
16 -17 11
16 18 14
16 -18 9
16 19 8
16 -19 8
16 2 32
16 -2 19
16 20 16
16 -20 7
16 21 13
16 -21 6
16 22 8
16 -22 10
16 23 8
16 -23 9
16 24 8
16 -24 14
16 25 7
16 -25 5
16 26 10
16 -26 11
16 27 9
16 -27 5
16 28 13
16 -28 8
16 29 4
16 -29 10
16 3 28
16 -3 25
16 30 12
16 -30 8
16 31 7
16 -31 7
16 32 7
16 -32 6
16 33 8
16 -33 4
16 34 6
16 -34 8
16 35 4
16 -35 3
16 36 6
16 -36 3
16 37 5
16 -37 4
16 38 7
16 -38 4
16 39 1
16 -39 4
16 4 25
16 -4 22
16 40 5
16 -40 2
16 5 32
16 -5 15
16 6 31
16 -6 24
16 7 33
16 -7 24
16 8 28
16 -8 28
16 9 30
16 -9 23
17 0 27
17 1 22
17 -1 23
17 10 19
17 -10 18
17 11 15
17 -11 27
17 12 22
17 -12 25
17 13 13
17 -13 17
17 14 19
17 -14 12
17 15 17
17 -15 17
17 16 14
17 -16 10
17 17 13
17 -17 11
17 18 12
17 -18 5
17 19 14
17 -19 8
17 2 22
17 -2 16
17 20 16
17 -20 10
17 21 5
17 -21 6
17 22 7
17 -22 9
17 23 6
17 -23 10
17 24 9
17 -24 9
17 25 11
17 -25 13
17 26 7
17 -26 7
17 27 10
17 -27 8
17 28 9
17 -28 12
17 29 9
17 -29 10
17 3 32
17 -3 22
17 30 7
17 -30 7
17 31 4
17 -31 9
17 32 7
17 -32 5
17 33 5
17 -33 5
17 34 4
17 -34 4
17 35 4
17 -35 6
17 36 2
17 -36 4
17 37 4
17 -37 1
17 38 2
17 -38 3
17 39 4
17 -39 5
17 4 27
17 -4 17
17 40 4
17 -40 5
17 5 29
17 -5 29
17 6 22
17 -6 18
17 7 25
17 -7 26
17 8 22
17 -8 20
17 9 35
17 -9 22
18 0 16
18 1 24
18 -1 24
18 10 21
18 -10 13
18 11 23
18 -11 16
18 12 13
18 -12 16
18 13 28
18 -13 15
18 14 21
18 -14 12
18 15 16
18 -15 13
18 16 9
18 -16 14
18 17 10
18 -17 10
18 18 12
18 -18 14
18 19 14
18 -19 13
18 2 18
18 -2 24
18 20 14
18 -20 6
18 21 9
18 -21 7
18 22 11
18 -22 12
18 23 4
18 -23 9
18 24 9
18 -24 7
18 25 10
18 -25 7
18 26 7
18 -26 9
18 27 13
18 -27 6
18 28 9
18 -28 11
18 29 9
18 -29 5
18 3 23
18 -3 26
18 30 7
18 -30 5
18 31 5
18 -31 2
18 32 5
18 -32 6
18 33 6
18 -33 5
18 34 7
18 -34 7
18 35 8
18 -35 5
18 36 4
18 -36 2
18 37 6
18 -37 2
18 38 6
18 -38 10
18 39 4
18 -39 2
18 4 13
18 -4 21
18 40 5
18 -40 5
18 5 24
18 -5 25
18 6 32
18 -6 22
18 7 11
18 -7 24
18 8 16
18 -8 22
18 9 18
18 -9 19
19 0 15
19 1 15
19 -1 20
19 10 17
19 -10 17
19 11 27
19 -11 11
19 12 11
19 -12 8
19 13 18
19 -13 16
19 14 11
19 -14 13
19 15 15
19 -15 13
19 16 13
19 -16 12
19 17 10
19 -17 12
19 18 10
19 -18 9
19 19 12
19 -19 8
19 2 17
19 -2 22
19 20 6
19 -20 7
19 21 7
19 -21 9
19 22 5
19 -22 7
19 23 7
19 -23 7
19 24 12
19 -24 7
19 25 5
19 -25 9
19 26 6
19 -26 5
19 27 9
19 -27 8
19 28 10
19 -28 1
19 29 5
19 -29 9
19 3 25
19 -3 22
19 30 4
19 -30 3
19 31 4
19 -31 5
19 32 4
19 -32 2
19 33 7
19 -33 6
19 34 4
19 -34 8
19 35 8
19 -35 3
19 36 5
19 -36 8
19 37 2
19 -37 3
19 38 7
19 -38 3
19 39 4
19 -39 2
19 4 20
19 -4 28
19 40 6
19 -40 5
19 5 20
19 -5 18
19 6 15
19 -6 13
19 7 19
19 -7 11
19 8 14
19 -8 7
19 9 21
19 -9 16
20 0 18
20 1 20
20 -1 14
20 10 16
20 -10 12
20 11 13
20 -11 22
20 12 14
20 -12 10
20 13 13
20 -13 13
20 14 11
20 -14 15
20 15 14
20 -15 10
20 16 10
20 -16 8
20 17 7
20 -17 5
20 18 12
20 -18 5
20 19 11
20 -19 8
20 2 19
20 -2 16
20 20 14
20 -20 7
20 21 11
20 -21 9
20 22 5
20 -22 8
20 23 9
20 -23 8
20 24 10
20 -24 5
20 25 5
20 -25 7
20 26 5
20 -26 6
20 27 7
20 -27 4
20 28 7
20 -28 6
20 29 11
20 -29 2
20 3 6
20 -3 15
20 30 9
20 -30 9
20 31 8
20 -31 9
20 32 5
20 -32 9
20 33 5
20 -33 6
20 34 5
20 -34 6
20 35 8
20 -35 4
20 36 5
20 -36 6
20 37 4
20 -37 3
20 38 5
20 -38 5
20 39 5
20 -39 3
20 4 18
20 -4 4
20 40 4
20 -40 3
20 5 20
20 -5 15
20 6 15
20 -6 8
20 7 13
20 -7 14
20 8 11
20 -8 11
20 9 18
20 -9 13
21 0 13
21 1 13
21 -1 18
21 10 13
21 -10 20
21 11 17
21 -11 17
21 12 13
21 -12 8
21 13 11
21 -13 22
21 14 12
21 -14 7
21 15 9
21 -15 14
21 16 14
21 -16 9
21 17 13
21 -17 10
21 18 5
21 -18 8
21 19 17
21 -19 7
21 2 16
21 -2 18
21 20 8
21 -20 5
21 21 8
21 -21 6
21 22 10
21 -22 8
21 23 4
21 -23 4
21 24 4
21 -24 8
21 25 6
21 -25 6
21 26 6
21 -26 1
21 27 9
21 -27 3
21 28 6
21 -28 11
21 29 10
21 -29 2
21 3 15
21 -3 15
21 30 5
21 -30 1
21 31 10
21 -31 7
21 32 5
21 -32 3
21 33 6
21 -33 4
21 34 8
21 -34 5
21 35 2
21 -35 10
21 36 5
21 -36 5
21 37 6
21 -37 8
21 38 5
21 -38 3
21 39 6
21 -39 4
21 4 22
21 -4 8
21 40 6
21 -40 2
21 5 21
21 -5 16
21 6 13
21 -6 15
21 7 15
21 -7 12
21 8 15
21 -8 11
21 9 16
21 -9 19
22 0 20
22 1 9
22 -1 13
22 10 14
22 -10 7
22 11 12
22 -11 13
22 12 13
22 -12 12
22 13 10
22 -13 12
22 14 9
22 -14 12
22 15 10
22 -15 10
22 16 22
22 -16 8
22 17 7
22 -17 9
22 18 11
22 -18 9
22 19 13
22 -19 7
22 2 11
22 -2 16
22 20 10
22 -20 9
22 21 6
22 -21 6
22 22 9
22 -22 4
22 23 8
22 -23 6
22 24 5
22 -24 3
22 25 4
22 -25 5
22 26 11
22 -26 9
22 27 6
22 -27 4
22 28 6
22 -28 5
22 29 8
22 -29 6
22 3 16
22 -3 20
22 30 5
22 -30 5
22 31 4
22 -31 6
22 32 3
22 -32 8
22 33 11
22 -33 6
22 34 6
22 -34 7
22 35 10
22 -35 7
22 36 5
22 -36 2
22 37 4
22 -37 4
22 38 3
22 -38 11
22 39 5
22 -39 7
22 4 15
22 -4 12
22 40 5
22 -40 6
22 5 24
22 -5 17
22 6 10
22 -6 9
22 7 14
22 -7 12
22 8 10
22 -8 15
22 9 12
22 -9 7
23 0 10
23 1 15
23 -1 6
23 10 12
23 -10 17
23 11 5
23 -11 5
23 12 16
23 -12 10
23 13 6
23 -13 14
23 14 9
23 -14 10
23 15 17
23 -15 13
23 16 9
23 -16 8
23 17 10
23 -17 9
23 18 8
23 -18 8
23 19 8
23 -19 1
23 2 10
23 -2 14
23 20 12
23 -20 8
23 21 7
23 -21 6
23 22 3
23 -22 4
23 23 7
23 -23 5
23 24 4
23 -24 6
23 25 11
23 -25 7
23 26 2
23 -26 14
23 27 6
23 -27 7
23 28 7
23 -28 3
23 29 4
23 -29 8
23 3 2
23 -3 9
23 30 2
23 -30 5
23 31 5
23 -31 3
23 32 12
23 -32 5
23 33 5
23 -33 4
23 34 4
23 -34 6
23 35 1
23 -35 6
23 36 8
23 -36 5
23 37 5
23 -37 6
23 38 4
23 -38 2
23 39 7
23 -39 4
23 4 9
23 -4 12
23 40 4
23 -40 6
23 5 3
23 -5 10
23 6 8
23 -6 9
23 7 7
23 -7 18
23 8 13
23 -8 11
23 9 12
23 -9 18
24 0 9
24 1 16
24 -1 6
24 10 9
24 -10 7
24 11 13
24 -11 11
24 12 10
24 -12 10
24 13 10
24 -13 7
24 14 10
24 -14 2
24 15 9
24 -15 8
24 16 10
24 -16 9
24 17 8
24 -17 13
24 18 8
24 -18 10
24 19 13
24 -19 11
24 2 13
24 -2 10
24 20 8
24 -20 10
24 21 11
24 -21 6
24 22 2
24 -22 9
24 23 5
24 -23 7
24 24 4
24 -24 4
24 25 7
24 -25 4
24 26 4
24 -26 6
24 27 4
24 -27 7
24 28 6
24 -28 4
24 29 8
24 -29 4
24 3 7
24 -3 12
24 30 2
24 -30 6
24 31 5
24 -31 5
24 32 7
24 -32 4
24 33 4
24 -33 5
24 34 4
24 -34 8
24 35 9
24 -35 6
24 36 4
24 -36 3
24 37 6
24 -37 5
24 38 7
24 -38 2
24 39 1
24 -39 2
24 4 5
24 -4 6
24 40 4
24 -40 4
24 5 15
24 -5 23
24 6 10
24 -6 13
24 7 7
24 -7 14
24 8 9
24 -8 12
24 9 15
24 -9 17
25 0 13
25 1 13
25 -1 11
25 10 10
25 -10 12
25 11 11
25 -11 8
25 12 10
25 -12 5
25 13 9
25 -13 10
25 14 10
25 -14 7
25 15 12
25 -15 4
25 16 10
25 -16 6
25 17 8
25 -17 6
25 18 6
25 -18 6
25 19 9
25 -19 12
25 2 12
25 -2 11
25 20 8
25 -20 6
25 21 8
25 -21 8
25 22 6
25 -22 6
25 23 6
25 -23 11
25 24 4
25 -24 5
25 25 5
25 -25 1
25 26 8
25 -26 10
25 27 5
25 -27 8
25 28 6
25 -28 4
25 29 7
25 -29 6
25 3 8
25 -3 10
25 30 4
25 -30 5
25 31 4
25 -31 4
25 32 2
25 -32 3
25 33 4
25 -33 3
25 34 8
25 -34 7
25 35 3
25 -35 3
25 36 7
25 -36 6
25 37 2
25 -37 5
25 38 4
25 -38 8
25 39 3
25 -39 3
25 4 14
25 -4 11
25 40 5
25 -40 4
25 5 11
25 -5 7
25 6 10
25 -6 13
25 7 12
25 -7 12
25 8 7
25 -8 9
25 9 8
25 -9 11
26 0 10
26 1 10
26 -1 12
26 10 7
26 -10 13
26 11 14
26 -11 6
26 12 7
26 -12 8
26 13 9
26 -13 10
26 14 7
26 -14 6
26 15 9
26 -15 9
26 16 13
26 -16 7
26 17 5
26 -17 10
26 18 11
26 -18 4
26 19 13
26 -19 6
26 2 13
26 -2 10
26 20 9
26 -20 7
26 21 8
26 -21 7
26 22 7
26 -22 4
26 23 7
26 -23 2
26 24 12
26 -24 4
26 25 5
26 -25 6
26 26 4
26 -26 5
26 27 10
26 -27 6
26 28 5
26 -28 9
26 29 2
26 -29 3
26 3 7
26 -3 7
26 30 4
26 -30 2
26 31 5
26 -31 1
26 32 5
26 -32 4
26 33 2
26 -33 7
26 34 5
26 -34 7
26 35 5
26 -35 5
26 36 6
26 -36 3
26 37 9
26 -37 4
26 38 8
26 -38 6
26 39 1
26 -39 1
26 4 9
26 -4 13
26 40 7
26 -40 4
26 5 16
26 -5 7
26 6 14
26 -6 7
26 7 17
26 -7 8
26 8 9
26 -8 2
26 9 14
26 -9 10
27 0 8
27 1 4
27 -1 15
27 10 13
27 -10 4
27 11 15
27 -11 17
27 12 13
27 -12 12
27 13 9
27 -13 5
27 14 6
27 -14 7
27 15 10
27 -15 6
27 16 6
27 -16 7
27 17 4
27 -17 12
27 18 11
27 -18 6
27 19 12
27 -19 8
27 2 9
27 -2 10
27 20 6
27 -20 2
27 21 8
27 -21 4
27 22 9
27 -22 3
27 23 10
27 -23 4
27 24 3
27 -24 6
27 25 5
27 -25 6
27 26 3
27 -26 6
27 27 3
27 -27 7
27 28 4
27 -28 3
27 29 5
27 -29 7
27 3 9
27 -3 9
27 30 6
27 -30 4
27 31 2
27 -31 2
27 32 6
27 -32 9
27 33 3
27 -33 2
27 34 7
27 -34 4
27 35 4
27 -35 2
27 36 5
27 -36 4
27 37 1
27 -37 2
27 38 2
27 -38 2
27 39 4
27 -39 3
27 4 2
27 -4 9
27 40 1
27 -40 3
27 5 10
27 -5 14
27 6 10
27 -6 12
27 7 9
27 -7 5
27 8 10
27 -8 9
27 9 11
27 -9 15
28 0 4
28 1 12
28 -1 9
28 10 10
28 -10 4
28 11 8
28 -11 7
28 12 7
28 -12 6
28 13 4
28 -13 4
28 14 5
28 -14 10
28 15 9
28 -15 10
28 16 10
28 -16 8
28 17 6
28 -17 9
28 18 7
28 -18 4
28 19 7
28 -19 5
28 2 14
28 -2 14
28 20 12
28 -20 7
28 21 7
28 -21 7
28 22 2
28 -22 9
28 23 8
28 -23 3
28 24 8
28 -24 2
28 25 3
28 -25 6
28 26 5
28 -26 2
28 27 3
28 -27 5
28 28 1
28 -28 1
28 29 3
28 -29 8
28 3 9
28 -3 8
28 30 2
28 -30 4
28 31 4
28 -31 6
28 32 5
28 -32 7
28 33 3
28 -33 1
28 34 5
28 -34 2
28 35 3
28 -35 3
28 36 1
28 37 2
28 -37 5
28 38 3
28 -38 7
28 39 4
28 -39 1
28 4 6
28 -4 13
28 40 3
28 -40 2
28 5 8
28 -5 3
28 6 11
28 -6 11
28 7 9
28 -7 2
28 8 10
28 -8 4
28 9 8
28 -9 7
29 0 12
29 1 8
29 -1 3
29 10 6
29 -10 8
29 11 8
29 -11 4
29 12 15
29 -12 9
29 13 7
29 -13 8
29 14 4
29 -14 4
29 15 5
29 -15 4
29 16 9
29 -16 5
29 17 11
29 -17 9
29 18 10
29 -18 9
29 19 9
29 -19 6
29 2 7
29 -2 13
29 20 11
29 -20 7
29 21 4
29 -21 12
29 22 4
29 -22 8
29 23 7
29 -23 7
29 24 8
29 -24 4
29 25 9
29 -25 5
29 26 6
29 -26 4
29 27 6
29 -27 3
29 28 7
29 -28 4
29 29 5
29 -29 4
29 3 10
29 -3 12
29 30 6
29 -30 3
29 31 8
29 -31 5
29 32 7
29 -32 5
29 33 6
29 -33 4
29 34 6
29 -34 6
29 35 6
29 -35 4
29 36 2
29 -36 7
29 37 6
29 -37 4
29 38 4
29 -38 4
29 39 5
29 -39 2
29 4 7
29 -4 7
29 40 1
29 -40 4
29 5 12
29 -5 9
29 6 7
29 -6 14
29 7 7
29 -7 6
29 8 11
29 -8 10
29 9 12
29 -9 11
30 0 3
30 1 10
30 -1 9
30 10 8
30 -10 6
30 11 12
30 -11 8
30 12 9
30 -12 7
30 13 5
30 -13 9
30 14 11
30 -14 6
30 15 7
30 -15 3
30 16 8
30 -16 4
30 17 6
30 -17 11
30 18 10
30 -18 5
30 19 5
30 -19 7
30 2 8
30 -2 8
30 20 8
30 -20 4
30 21 7
30 -21 7
30 22 7
30 -22 6
30 23 6
30 -23 4
30 24 6
30 -24 2
30 25 3
30 -25 6
30 26 4
30 -26 3
30 27 6
30 -27 3
30 28 2
30 -28 4
30 29 8
30 -29 3
30 3 10
30 -3 8
30 30 4
30 -30 6
30 31 2
30 -31 2
30 32 3
30 -32 6
30 33 3
30 -33 3
30 34 1
30 -34 4
30 35 3
30 -35 4
30 36 4
30 37 2
30 -37 4
30 38 3
30 -38 3
30 39 3
30 -39 3
30 4 7
30 -4 9
30 40 6
30 -40 1
30 5 7
30 -5 10
30 6 3
30 -6 11
30 7 10
30 -7 10
30 8 4
30 -8 10
30 9 5
30 -9 6
31 0 5
31 1 11
31 -1 6
31 10 7
31 -10 8
31 11 5
31 -11 6
31 12 5
31 -12 3
31 13 8
31 -13 3
31 14 8
31 -14 11
31 15 7
31 -15 10
31 16 8
31 -16 6
31 17 8
31 -17 5
31 18 2
31 -18 5
31 19 10
31 -19 6
31 2 8
31 -2 10
31 20 5
31 -20 8
31 21 6
31 -21 5
31 22 7
31 -22 8
31 23 7
31 -23 3
31 24 8
31 -24 5
31 25 8
31 -25 5
31 26 3
31 -26 4
31 27 4
31 -27 10
31 28 8
31 -28 4
31 29 4
31 -29 3
31 3 10
31 -3 6
31 30 7
31 -30 1
31 31 3
31 -31 4
31 32 8
31 -32 7
31 33 5
31 -33 3
31 34 1
31 -34 4
31 35 5
31 -35 4
31 36 3
31 -36 5
31 37 8
31 -37 6
31 38 6
31 -38 5
31 39 5
31 -39 2
31 4 5
31 -4 9
31 40 5
31 -40 1
31 5 3
31 -5 6
31 6 3
31 -6 4
31 7 7
31 -7 6
31 8 6
31 -8 9
31 9 14
31 -9 10
32 0 6
32 1 11
32 -1 3
32 10 7
32 -10 6
32 11 6
32 -11 5
32 12 1
32 -12 5
32 13 8
32 -13 6
32 14 8
32 -14 4
32 15 8
32 -15 4
32 16 7
32 -16 8
32 17 7
32 -17 7
32 18 9
32 -18 7
32 19 6
32 -19 9
32 2 5
32 -2 8
32 20 2
32 -20 5
32 21 9
32 -21 3
32 22 8
32 -22 2
32 23 9
32 -23 7
32 24 6
32 -24 11
32 25 11
32 -25 9
32 26 2
32 -26 10
32 27 5
32 -27 5
32 28 7
32 -28 4
32 29 2
32 -29 1
32 3 8
32 -3 4
32 30 6
32 -30 5
32 31 3
32 -31 6
32 32 7
32 -32 5
32 33 6
32 -33 1
32 34 4
32 -34 6
32 35 6
32 -35 8
32 36 4
32 -36 3
32 37 7
32 -37 1
32 38 3
32 -38 1
32 39 6
32 -39 4
32 4 4
32 -4 4
32 40 2
32 -40 3
32 5 8
32 -5 6
32 6 6
32 -6 6
32 7 7
32 -7 4
32 8 6
32 -8 11
32 9 11
32 -9 5
33 0 5
33 1 4
33 -1 6
33 10 7
33 -10 4
33 11 6
33 -11 5
33 12 8
33 -12 9
33 13 8
33 -13 5
33 14 4
33 -14 8
33 15 6
33 -15 7
33 16 7
33 -16 8
33 17 7
33 -17 5
33 18 5
33 -18 5
33 19 3
33 -19 2
33 2 8
33 -2 3
33 20 5
33 -20 4
33 21 5
33 -21 3
33 22 4
33 -22 4
33 23 3
33 -23 7
33 24 2
33 -24 2
33 25 4
33 -25 9
33 26 5
33 -26 5
33 27 4
33 -27 2
33 28 5
33 -28 6
33 29 1
33 -29 4
33 3 12
33 -3 5
33 30 3
33 -30 7
33 31 7
33 -31 2
33 32 3
33 -32 1
33 33 3
33 -33 5
33 34 3
33 -34 4
33 35 3
33 -35 4
33 36 2
33 -36 7
33 37 7
33 -37 4
33 38 6
33 -38 4
33 39 3
33 -39 3
33 4 10
33 -4 7
33 40 1
33 -40 1
33 5 11
33 -5 5
33 6 7
33 -6 6
33 7 8
33 -7 8
33 8 8
33 -8 6
33 9 8
33 -9 5
34 0 4
34 1 5
34 -1 6
34 10 8
34 -10 6
34 11 8
34 -11 8
34 12 4
34 -12 9
34 13 5
34 -13 6
34 14 15
34 -14 5
34 15 4
34 -15 6
34 16 3
34 -16 9
34 17 7
34 -17 8
34 18 3
34 -18 2
34 19 5
34 -19 3
34 2 5
34 -2 8
34 20 3
34 -20 6
34 21 5
34 -21 6
34 22 2
34 -22 3
34 23 6
34 -23 5
34 24 5
34 -24 2
34 25 3
34 -25 4
34 26 7
34 27 3
34 -27 4
34 28 5
34 -28 4
34 29 3
34 -29 4
34 3 12
34 -3 8
34 30 5
34 -30 3
34 31 5
34 -31 3
34 32 2
34 -32 2
34 33 4
34 -33 2
34 34 2
34 -34 3
34 35 4
34 -35 3
34 36 4
34 -36 2
34 37 2
34 -37 2
34 38 2
34 -38 5
34 39 5
34 -39 5
34 4 6
34 -4 5
34 40 1
34 -40 6
34 5 6
34 -5 2
34 6 6
34 -6 10
34 7 10
34 -7 10
34 8 9
34 -8 3
34 9 6
34 -9 3
35 0 4
35 1 6
35 -1 11
35 10 7
35 -10 5
35 11 2
35 -11 8
35 12 8
35 -12 9
35 13 4
35 -13 4
35 14 3
35 -14 7
35 15 5
35 -15 9
35 16 8
35 -16 6
35 17 5
35 -17 12
35 18 3
35 -18 5
35 19 7
35 -19 4
35 2 7
35 -2 1
35 20 6
35 -20 6
35 21 3
35 -21 5
35 22 4
35 -22 2
35 23 5
35 -23 4
35 24 7
35 -24 4
35 25 3
35 -25 4
35 26 2
35 -26 4
35 27 3
35 -27 2
35 28 5
35 -28 5
35 29 3
35 -29 6
35 3 7
35 -3 8
35 30 8
35 -30 2
35 31 4
35 -31 3
35 32 3
35 -32 5
35 33 5
35 -33 2
35 34 4
35 -34 2
35 35 1
35 36 7
35 -36 5
35 37 2
35 -37 3
35 38 2
35 -38 6
35 39 2
35 -39 4
35 4 4
35 -4 6
35 40 4
35 -40 2
35 5 8
35 -5 6
35 6 2
35 -6 5
35 7 6
35 -7 6
35 8 4
35 -8 11
35 9 10
35 -9 5
36 0 9
36 1 9
36 -1 4
36 10 5
36 -10 6
36 11 5
36 -11 2
36 12 2
36 -12 3
36 13 4
36 -13 3
36 14 7
36 -14 6
36 15 4
36 -15 4
36 16 7
36 -16 4
36 17 5
36 -17 3
36 18 6
36 -18 2
36 19 6
36 -19 5
36 2 4
36 -2 11
36 20 6
36 -20 5
36 21 3
36 -21 5
36 22 5
36 -22 3
36 23 7
36 -23 6
36 24 5
36 -24 4
36 25 8
36 -25 4
36 26 6
36 -26 6
36 27 2
36 -27 2
36 28 5
36 -28 5
36 29 1
36 -29 6
36 3 6
36 -3 7
36 30 4
36 -30 3
36 31 5
36 -31 3
36 32 4
36 -32 6
36 33 8
36 -33 2
36 34 4
36 -34 3
36 35 3
36 -35 2
36 36 1
36 -36 1
36 37 2
36 -37 4
36 38 1
36 -38 2
36 39 1
36 -39 2
36 4 6
36 -4 6
36 40 4
36 -40 2
36 5 6
36 -5 8
36 6 7
36 -6 8
36 7 12
36 -7 3
36 8 4
36 -8 2
36 9 4
36 -9 1
37 0 8
37 1 3
37 -1 6
37 10 8
37 -10 8
37 11 6
37 -11 4
37 12 2
37 -12 2
37 13 7
37 -13 9
37 14 5
37 -14 3
37 15 4
37 -15 4
37 16 6
37 -16 1
37 17 2
37 -17 7
37 18 5
37 -18 3
37 19 12
37 -19 5
37 2 6
37 -2 12
37 20 7
37 -20 6
37 21 3
37 -21 2
37 22 4
37 -22 8
37 -23 5
37 24 3
37 -24 6
37 25 8
37 -25 4
37 26 8
37 -26 5
37 27 6
37 -27 3
37 28 2
37 -28 4
37 29 6
37 -29 3
37 3 4
37 -3 4
37 30 3
37 -30 3
37 31 6
37 -31 3
37 32 5
37 -32 8
37 33 6
37 -33 4
37 34 1
37 -34 4
37 35 2
37 36 3
37 -36 1
37 37 7
37 -37 1
37 38 6
37 39 2
37 -39 1
37 4 6
37 -4 6
37 -40 5
37 5 6
37 -5 6
37 6 9
37 -6 7
37 7 8
37 -7 7
37 8 7
37 -8 4
37 9 9
37 -9 3
38 0 6
38 1 7
38 -1 7
38 10 6
38 -10 6
38 11 8
38 -11 2
38 12 5
38 -12 6
38 13 8
38 -13 1
38 14 2
38 -14 10
38 15 4
38 -15 3
38 16 5
38 17 7
38 -17 7
38 18 8
38 -18 4
38 19 2
38 -19 2
38 2 3
38 -2 6
38 20 6
38 -20 4
38 21 4
38 -21 5
38 22 8
38 -22 6
38 23 2
38 -23 6
38 24 1
38 -24 7
38 25 5
38 -25 3
38 26 8
38 -26 5
38 27 4
38 -27 5
38 28 2
38 -28 7
38 29 4
38 -29 3
38 3 7
38 -3 10
38 30 1
38 -30 4
38 31 1
38 -31 1
38 32 3
38 -32 2
38 33 4
38 -33 4
38 34 7
38 -34 2
38 35 2
38 -35 4
38 36 3
38 -36 1
38 37 3
38 -37 3
38 38 3
38 -38 2
38 39 5
38 -39 2
38 4 5
38 -4 10
38 40 5
38 -40 3
38 5 7
38 -5 10
38 6 5
38 -6 1
38 7 7
38 -7 6
38 8 10
38 -8 8
38 9 6
38 -9 7
39 0 3
39 1 4
39 -1 3
39 10 3
39 -10 2
39 11 10
39 -11 6
39 12 7
39 -12 5
39 13 3
39 -13 3
39 14 5
39 -14 3
39 15 3
39 -15 7
39 16 2
39 -16 3
39 17 2
39 -17 2
39 18 6
39 -18 1
39 19 7
39 -19 5
39 2 4
39 -2 4
39 20 4
39 -20 4
39 21 10
39 -21 4
39 22 4
39 -22 5
39 23 7
39 -23 5
39 24 3
39 -24 3
39 25 2
39 -25 3
39 26 2
39 -26 6
39 27 11
39 28 4
39 -28 5
39 29 3
39 -29 5
39 3 4
39 -3 5
39 30 6
39 -30 3
39 31 3
39 -31 1
39 32 4
39 -32 7
39 33 3
39 -33 9
39 34 3
39 -34 2
39 35 2
39 -35 4
39 36 1
39 -36 2
39 37 5
39 -37 5
39 38 3
39 -38 3
39 39 1
39 -39 3
39 4 9
39 -4 7
39 40 4
39 -40 3
39 5 6
39 -5 6
39 6 3
39 -6 7
39 7 8
39 -7 10
39 8 6
39 -8 3
39 9 4
39 -9 5
40 0 5
40 1 2
40 -1 10
40 10 4
40 -10 3
40 11 4
40 -11 1
40 12 4
40 -12 3
40 13 5
40 -13 11
40 14 1
40 -14 6
40 15 5
40 -15 5
40 16 6
40 -16 3
40 17 6
40 -17 3
40 18 7
40 -18 7
40 19 3
40 -19 3
40 2 4
40 -2 1
40 20 4
40 -20 5
40 21 5
40 -21 7
40 22 2
40 -22 3
40 23 5
40 -23 3
40 24 5
40 -24 5
40 25 2
40 -25 2
40 26 2
40 -26 2
40 27 2
40 -27 5
40 28 4
40 -28 4
40 29 4
40 -29 4
40 3 3
40 -3 5
40 30 1
40 -30 4
40 31 1
40 -31 4
40 32 4
40 -32 8
40 33 4
40 -33 4
40 34 4
40 -34 2
40 35 2
40 -35 3
40 36 3
40 -36 3
40 37 5
40 -37 5
40 38 4
40 -38 1
40 39 3
40 -39 6
40 4 5
40 -4 7
40 40 5
40 5 8
40 -5 9
40 6 2
40 -6 3
40 7 13
40 -7 7
40 8 3
40 -8 10
40 9 5
40 -9 8
