-29 10 1
-29 6 1
-29 8 1
-28 -15 1
-28 -16 1
-28 -23 1
-28 -3 1
-28 -4 1
-28 6 2
-28 -7 1
-27 1 1
-27 -1 3
-27 10 1
-27 12 2
-27 -13 1
-27 14 1
-27 -14 2
-27 16 2
-27 -16 3
-27 18 1
-27 -18 2
-27 -19 1
-27 -2 2
-27 21 2
-27 -21 2
-27 22 1
-27 -22 1
-27 24 1
-27 -27 1
-27 3 2
-27 -3 1
-27 4 1
-27 5 2
-27 -5 1
-27 6 2
-27 -6 2
-27 7 2
-27 -7 4
-27 8 1
-27 9 1
-27 -9 1
-26 0 14
-26 1 14
-26 -1 12
-26 10 8
-26 -10 10
-26 11 20
-26 -11 8
-26 12 17
-26 -12 16
-26 13 14
-26 -13 13
-26 14 15
-26 -14 7
-26 15 11
-26 -15 9
-26 16 7
-26 -16 9
-26 17 9
-26 -17 7
-26 18 7
-26 -18 11
-26 19 6
-26 -19 12
-26 2 16
-26 -2 12
-26 20 11
-26 -20 6
-26 21 4
-26 -21 11
-26 22 8
-26 -22 9
-26 23 8
-26 -23 15
-26 24 5
-26 -24 13
-26 -25 5
-26 26 3
-26 -26 2
-26 -27 1
-26 3 15
-26 -3 15
-26 4 17
-26 -4 9
-26 5 10
-26 -5 13
-26 6 13
-26 -6 11
-26 7 13
-26 -7 7
-26 8 11
-26 -8 13
-26 9 13
-26 -9 11
-25 0 48
-25 1 42
-25 -1 45
-25 10 34
-25 -10 49
-25 11 43
-25 -11 36
-25 12 29
-25 -12 39
-25 13 29
-25 -13 34
-25 14 29
-25 -14 39
-25 15 32
-25 -15 30
-25 16 38
-25 -16 42
-25 17 28
-25 -17 35
-25 18 29
-25 -18 37
-25 19 25
-25 -19 29
-25 2 40
-25 -2 45
-25 20 22
-25 -20 28
-25 21 23
-25 -21 27
-25 22 34
-25 -22 28
-25 23 29
-25 -23 27
-25 24 23
-25 -24 18
-25 25 24
-25 -25 22
-25 26 4
-25 -26 7
-25 3 43
-25 -3 34
-25 4 48
-25 -4 58
-25 5 40
-25 -5 43
-25 6 31
-25 -6 58
-25 7 44
-25 -7 38
-25 8 54
-25 -8 37
-25 9 47
-25 -9 35
-24 0 59
-24 1 47
-24 -1 48
-24 10 53
-24 -10 38
-24 11 38
-24 -11 52
-24 12 34
-24 -12 46
-24 13 49
-24 -13 32
-24 14 45
-24 -14 33
-24 15 41
-24 -15 43
-24 16 31
-24 -16 28
-24 17 38
-24 -17 36
-24 18 27
-24 -18 26
-24 19 40
-24 -19 31
-24 2 56
-24 -2 53
-24 20 39
-24 -20 30
-24 21 29
-24 -21 30
-24 22 33
-24 -22 31
-24 23 18
-24 -23 31
-24 24 25
-24 -24 26
-24 25 17
-24 -25 35
-24 26 10
-24 -26 18
-24 27 2
-24 -27 2
-24 3 44
-24 -3 47
-24 4 47
-24 -4 49
-24 5 51
-24 -5 45
-24 6 52
-24 -6 46
-24 7 48
-24 -7 45
-24 8 42
-24 -8 43
-24 9 45
-24 -9 51
-23 0 59
-23 1 54
-23 -1 44
-23 10 47
-23 -10 57
-23 11 42
-23 -11 45
-23 12 42
-23 -12 51
-23 13 35
-23 -13 49
-23 14 50
-23 -14 30
-23 15 59
-23 -15 40
-23 16 48
-23 -16 29
-23 17 41
-23 -17 34
-23 18 17
-23 -18 34
-23 19 32
-23 -19 46
-23 2 61
-23 -2 47
-23 20 30
-23 -20 38
-23 21 23
-23 -21 32
-23 22 27
-23 -22 25
-23 23 20
-23 -23 25
-23 24 30
-23 -24 33
-23 25 25
-23 -25 17
-23 26 8
-23 -26 12
-23 27 1
-23 -27 1
-23 -28 2
-23 3 48
-23 -3 53
-23 4 66
-23 -4 51
-23 5 54
-23 -5 70
-23 6 44
-23 -6 39
-23 7 60
-23 -7 65
-23 8 59
-23 -8 50
-23 9 38
-23 -9 45
-22 0 57
-22 1 59
-22 -1 71
-22 10 53
-22 -10 47
-22 11 54
-22 -11 48
-22 12 49
-22 -12 49
-22 13 51
-22 -13 37
-22 14 45
-22 -14 61
-22 15 34
-22 -15 42
-22 16 50
-22 -16 44
-22 17 36
-22 -17 39
-22 18 49
-22 -18 45
-22 19 37
-22 -19 29
-22 2 69
-22 -2 58
-22 20 35
-22 -20 30
-22 21 23
-22 -21 31
-22 22 40
-22 -22 46
-22 23 28
-22 -23 38
-22 24 29
-22 -24 35
-22 25 34
-22 -25 25
-22 26 11
-22 -26 7
-22 27 2
-22 -27 2
-22 3 59
-22 -3 57
-22 4 53
-22 -4 49
-22 5 51
-22 -5 34
-22 6 56
-22 -6 59
-22 7 45
-22 -7 57
-22 8 51
-22 -8 48
-22 9 40
-22 -9 68
-21 0 60
-21 1 61
-21 -1 72
-21 10 64
-21 -10 63
-21 11 51
-21 -11 48
-21 12 61
-21 -12 61
-21 13 38
-21 -13 45
-21 14 47
-21 -14 47
-21 15 60
-21 -15 46
-21 16 52
-21 -16 35
-21 17 36
-21 -17 39
-21 18 49
-21 -18 45
-21 19 43
-21 -19 30
-21 2 45
-21 -2 72
-21 20 46
-21 -20 24
-21 21 33
-21 -21 39
-21 22 41
-21 -22 34
-21 23 43
-21 -23 36
-21 24 38
-21 -24 29
-21 25 41
-21 -25 32
-21 26 16
-21 -26 21
-21 27 1
-21 3 65
-21 -3 60
-21 4 63
-21 -4 62
-21 5 53
-21 -5 53
-21 6 58
-21 -6 55
-21 7 76
-21 -7 59
-21 8 58
-21 -8 68
-21 9 47
-21 -9 68
-20 0 64
-20 1 80
-20 -1 55
-20 10 52
-20 -10 58
-20 11 64
-20 -11 71
-20 12 55
-20 -12 50
-20 13 50
-20 -13 48
-20 14 51
-20 -14 57
-20 15 48
-20 -15 49
-20 16 67
-20 -16 54
-20 17 39
-20 -17 44
-20 18 47
-20 -18 40
-20 19 35
-20 -19 41
-20 2 73
-20 -2 61
-20 20 37
-20 -20 40
-20 21 37
-20 -21 51
-20 22 28
-20 -22 36
-20 23 41
-20 -23 35
-20 24 30
-20 -24 33
-20 25 23
-20 -25 31
-20 26 7
-20 -26 21
-20 27 4
-20 -27 3
-20 28 1
-20 3 54
-20 -3 69
-20 4 77
-20 -4 87
-20 5 60
-20 -5 59
-20 6 59
-20 -6 61
-20 7 63
-20 -7 77
-20 8 76
-20 -8 51
-20 9 53
-20 -9 61
-19 0 82
-19 1 86
-19 -1 102
-19 10 58
-19 -10 65
-19 11 65
-19 -11 68
-19 12 75
-19 -12 65
-19 13 64
-19 -13 59
-19 14 65
-19 -14 49
-19 15 56
-19 -15 65
-19 16 52
-19 -16 51
-19 17 45
-19 -17 40
-19 18 45
-19 -18 41
-19 19 43
-19 -19 44
-19 2 66
-19 -2 72
-19 20 58
-19 -20 44
-19 21 45
-19 -21 29
-19 22 27
-19 -22 34
-19 23 42
-19 -23 32
-19 24 28
-19 -24 39
-19 25 32
-19 -25 34
-19 26 16
-19 -26 20
-19 27 1
-19 28 1
-19 -28 1
-19 3 95
-19 -3 69
-19 4 84
-19 -4 78
-19 5 75
-19 -5 75
-19 6 74
-19 -6 85
-19 7 63
-19 -7 70
-19 8 75
-19 -8 58
-19 9 64
-19 -9 62
-18 0 83
-18 1 65
-18 -1 102
-18 10 63
-18 -10 72
-18 11 77
-18 -11 67
-18 12 76
-18 -12 70
-18 13 64
-18 -13 53
-18 14 61
-18 -14 57
-18 15 63
-18 -15 55
-18 16 65
-18 -16 67
-18 17 55
-18 -17 49
-18 18 41
-18 -18 50
-18 19 46
-18 -19 44
-18 2 88
-18 -2 83
-18 20 59
-18 -20 45
-18 21 41
-18 -21 38
-18 22 44
-18 -22 46
-18 23 42
-18 -23 41
-18 24 31
-18 -24 36
-18 25 28
-18 -25 28
-18 26 17
-18 -26 23
-18 27 4
-18 -27 2
-18 3 85
-18 -3 104
-18 4 72
-18 -4 67
-18 5 92
-18 -5 85
-18 6 85
-18 -6 72
-18 7 84
-18 -7 91
-18 8 74
-18 -8 81
-18 9 77
-18 -9 65
-17 0 90
-17 1 108
-17 -1 107
-17 10 98
-17 -10 94
-17 11 77
-17 -11 88
-17 12 85
-17 -12 77
-17 13 80
-17 -13 66
-17 14 75
-17 -14 76
-17 15 56
-17 -15 56
-17 16 67
-17 -16 58
-17 17 58
-17 -17 53
-17 18 49
-17 -18 51
-17 19 51
-17 -19 37
-17 2 120
-17 -2 112
-17 20 51
-17 -20 37
-17 21 47
-17 -21 35
-17 22 41
-17 -22 35
-17 23 44
-17 -23 37
-17 24 36
-17 -24 24
-17 25 29
-17 -25 47
-17 26 6
-17 -26 16
-17 27 4
-17 -27 4
-17 28 1
-17 3 79
-17 -3 93
-17 -31 1
-17 4 95
-17 -4 100
-17 5 100
-17 -5 97
-17 6 73
-17 -6 95
-17 7 90
-17 -7 87
-17 8 91
-17 -8 99
-17 9 83
-17 -9 86
-16 0 116
-16 1 119
-16 -1 115
-16 10 96
-16 -10 98
-16 11 103
-16 -11 83
-16 12 97
-16 -12 88
-16 13 78
-16 -13 75
-16 14 91
-16 -14 71
-16 15 77
-16 -15 57
-16 16 81
-16 -16 55
-16 17 81
-16 -17 55
-16 18 67
-16 -18 55
-16 19 53
-16 -19 48
-16 2 117
-16 -2 124
-16 20 47
-16 -20 45
-16 21 48
-16 -21 50
-16 22 42
-16 -22 37
-16 23 59
-16 -23 41
-16 24 41
-16 -24 26
-16 25 34
-16 -25 47
-16 26 14
-16 -26 15
-16 -27 9
-16 -29 1
-16 3 109
-16 -3 107
-16 4 128
-16 -4 103
-16 5 129
-16 -5 95
-16 6 124
-16 -6 93
-16 7 121
-16 -7 119
-16 8 98
-16 -8 93
-16 9 96
-16 -9 98
-15 0 147
-15 1 145
-15 -1 123
-15 10 120
-15 -10 110
-15 11 109
-15 -11 127
-15 12 116
-15 -12 108
-15 13 119
-15 -13 94
-15 14 105
-15 -14 92
-15 15 96
-15 -15 74
-15 16 75
-15 -16 70
-15 17 58
-15 -17 62
-15 18 66
-15 -18 69
-15 19 62
-15 -19 49
-15 2 156
-15 -2 133
-15 20 70
-15 -20 51
-15 21 41
-15 -21 47
-15 22 49
-15 -22 46
-15 23 50
-15 -23 42
-15 24 51
-15 -24 45
-15 25 29
-15 -25 42
-15 26 16
-15 -26 18
-15 27 2
-15 -27 1
-15 29 1
-15 3 118
-15 -3 119
-15 4 110
-15 -4 117
-15 5 116
-15 -5 135
-15 6 135
-15 -6 138
-15 7 112
-15 -7 141
-15 8 125
-15 -8 129
-15 9 125
-15 -9 120
-14 0 189
-14 1 185
-14 -1 181
-14 10 149
-14 -10 131
-14 11 145
-14 -11 132
-14 12 132
-14 -12 135
-14 13 131
-14 -13 140
-14 14 124
-14 -14 96
-14 15 125
-14 -15 90
-14 16 94
-14 -16 77
-14 17 74
-14 -17 77
-14 18 64
-14 -18 52
-14 19 58
-14 -19 56
-14 2 153
-14 -2 174
-14 20 72
-14 -20 63
-14 21 47
-14 -21 42
-14 22 47
-14 -22 57
-14 23 55
-14 -23 40
-14 24 35
-14 -24 44
-14 25 26
-14 -25 39
-14 26 10
-14 -26 15
-14 27 4
-14 -27 4
-14 28 3
-14 3 174
-14 -3 172
-14 4 172
-14 -4 182
-14 5 135
-14 -5 190
-14 6 144
-14 -6 161
-14 7 141
-14 -7 162
-14 8 150
-14 -8 136
-14 9 144
-14 -9 130
-13 0 205
-13 1 216
-13 -1 194
-13 10 151
-13 -10 169
-13 11 166
-13 -11 164
-13 12 155
-13 -12 177
-13 13 140
-13 -13 148
-13 14 150
-13 -14 134
-13 15 135
-13 -15 93
-13 16 105
-13 -16 69
-13 17 73
-13 -17 58
-13 18 60
-13 -18 68
-13 19 65
-13 -19 62
-13 2 206
-13 -2 209
-13 20 59
-13 -20 55
-13 21 55
-13 -21 55
-13 22 49
-13 -22 48
-13 23 51
-13 -23 41
-13 24 32
-13 -24 43
-13 25 39
-13 -25 32
-13 26 13
-13 -26 19
-13 27 5
-13 28 1
-13 3 187
-13 -3 185
-13 4 210
-13 -4 185
-13 5 169
-13 -5 181
-13 6 170
-13 -6 193
-13 7 172
-13 -7 177
-13 8 170
-13 -8 197
-13 9 173
-13 -9 165
-12 0 233
-12 1 208
-12 -1 225
-12 10 155
-12 -10 204
-12 11 171
-12 -11 153
-12 12 159
-12 -12 173
-12 13 172
-12 -13 148
-12 14 166
-12 -14 124
-12 15 137
-12 -15 94
-12 16 115
-12 -16 91
-12 17 96
-12 -17 63
-12 18 74
-12 -18 79
-12 19 67
-12 -19 62
-12 2 199
-12 -2 214
-12 20 65
-12 -20 60
-12 21 70
-12 -21 54
-12 22 43
-12 -22 68
-12 23 50
-12 -23 51
-12 24 35
-12 -24 48
-12 25 40
-12 -25 37
-12 26 13
-12 -26 17
-12 27 5
-12 -27 6
-12 3 213
-12 -3 206
-12 4 202
-12 -4 233
-12 5 179
-12 -5 186
-12 6 179
-12 -6 207
-12 7 191
-12 -7 214
-12 8 199
-12 -8 187
-12 9 162
-12 -9 209
-11 0 235
-11 1 232
-11 -1 215
-11 10 184
-11 -10 196
-11 11 175
-11 -11 200
-11 12 168
-11 -12 179
-11 13 145
-11 -13 160
-11 14 137
-11 -14 120
-11 15 124
-11 -15 116
-11 16 116
-11 -16 101
-11 17 105
-11 -17 87
-11 18 69
-11 -18 76
-11 19 65
-11 -19 53
-11 2 222
-11 -2 214
-11 20 61
-11 -20 63
-11 21 65
-11 -21 60
-11 22 60
-11 -22 41
-11 23 54
-11 -23 57
-11 24 39
-11 -24 38
-11 25 33
-11 -25 58
-11 26 14
-11 -26 16
-11 27 4
-11 -27 3
-11 -28 1
-11 29 1
-11 3 220
-11 -3 189
-11 4 211
-11 -4 206
-11 5 187
-11 -5 210
-11 6 179
-11 -6 204
-11 7 194
-11 -7 218
-11 8 187
-11 -8 220
-11 9 173
-11 -9 199
-10 0 250
-10 1 228
-10 -1 198
-10 10 208
-10 -10 186
-10 11 193
-10 -11 200
-10 12 178
-10 -12 196
-10 13 182
-10 -13 170
-10 14 155
-10 -14 141
-10 15 120
-10 -15 115
-10 16 113
-10 -16 94
-10 17 83
-10 -17 70
-10 18 95
-10 -18 77
-10 19 75
-10 -19 63
-10 2 228
-10 -2 210
-10 20 58
-10 -20 45
-10 21 57
-10 -21 56
-10 22 46
-10 -22 54
-10 23 41
-10 -23 46
-10 24 45
-10 -24 44
-10 25 42
-10 -25 41
-10 26 10
-10 -26 17
-10 27 3
-10 -27 5
-10 -29 1
-10 3 218
-10 -3 225
-10 4 230
-10 -4 223
-10 5 207
-10 -5 197
-10 6 218
-10 -6 221
-10 7 204
-10 -7 199
-10 8 192
-10 -8 208
-10 9 199
-10 -9 199
-9 0 242
-9 1 240
-9 -1 236
-9 10 191
-9 -10 176
-9 11 205
-9 -11 206
-9 12 166
-9 -12 173
-9 13 145
-9 -13 168
-9 14 148
-9 -14 144
-9 15 129
-9 -15 117
-9 16 124
-9 -16 109
-9 17 101
-9 -17 92
-9 18 86
-9 -18 52
-9 19 78
-9 -19 59
-9 2 217
-9 -2 246
-9 20 54
-9 -20 71
-9 21 60
-9 -21 57
-9 22 56
-9 -22 47
-9 23 49
-9 -23 52
-9 24 44
-9 -24 42
-9 25 46
-9 -25 40
-9 26 21
-9 -26 18
-9 27 2
-9 -27 4
-9 28 1
-9 3 223
-9 -3 255
-9 4 226
-9 -4 267
-9 5 209
-9 -5 232
-9 6 206
-9 -6 220
-9 7 219
-9 -7 232
-9 8 204
-9 -8 223
-9 9 190
-9 -9 199
-8 0 227
-8 1 241
-8 -1 250
-8 10 197
-8 -10 184
-8 11 182
-8 -11 199
-8 12 181
-8 -12 220
-8 13 152
-8 -13 161
-8 14 150
-8 -14 139
-8 15 165
-8 -15 93
-8 16 112
-8 -16 89
-8 17 87
-8 -17 85
-8 18 95
-8 -18 76
-8 19 77
-8 -19 65
-8 2 239
-8 -2 229
-8 20 70
-8 -20 70
-8 21 55
-8 -21 45
-8 22 58
-8 -22 58
-8 23 59
-8 -23 58
-8 24 48
-8 -24 44
-8 25 41
-8 -25 43
-8 26 17
-8 -26 19
-8 27 8
-8 -27 4
-8 28 1
-8 -28 1
-8 3 238
-8 -3 231
-8 4 222
-8 -4 232
-8 5 237
-8 -5 256
-8 6 220
-8 -6 242
-8 7 228
-8 -7 214
-8 8 229
-8 -8 208
-8 9 212
-8 -9 202
-7 0 251
-7 1 245
-7 -1 255
-7 10 203
-7 -10 213
-7 11 188
-7 -11 188
-7 12 195
-7 -12 180
-7 13 181
-7 -13 160
-7 14 163
-7 -14 148
-7 15 150
-7 -15 121
-7 16 114
-7 -16 100
-7 17 112
-7 -17 94
-7 18 82
-7 -18 87
-7 19 82
-7 -19 70
-7 2 226
-7 -2 262
-7 20 59
-7 -20 68
-7 21 59
-7 -21 49
-7 22 59
-7 -22 61
-7 23 53
-7 -23 61
-7 24 54
-7 -24 43
-7 25 47
-7 -25 48
-7 26 15
-7 -26 31
-7 27 3
-7 -27 2
-7 3 243
-7 -3 252
-7 4 226
-7 -4 224
-7 5 226
-7 -5 237
-7 6 234
-7 -6 226
-7 7 213
-7 -7 219
-7 8 233
-7 -8 200
-7 9 223
-7 -9 228
-6 0 230
-6 1 235
-6 -1 259
-6 10 223
-6 -10 205
-6 11 225
-6 -11 193
-6 12 193
-6 -12 169
-6 13 174
-6 -13 146
-6 14 179
-6 -14 139
-6 15 156
-6 -15 114
-6 16 112
-6 -16 98
-6 17 106
-6 -17 105
-6 18 81
-6 -18 82
-6 19 85
-6 -19 71
-6 2 258
-6 -2 256
-6 20 74
-6 -20 70
-6 21 78
-6 -21 60
-6 22 56
-6 -22 48
-6 23 53
-6 -23 58
-6 24 47
-6 -24 41
-6 25 42
-6 -25 45
-6 26 18
-6 -26 17
-6 27 3
-6 -27 6
-6 -28 3
-6 -29 1
-6 3 242
-6 -3 243
-6 4 242
-6 -4 283
-6 5 242
-6 -5 240
-6 6 225
-6 -6 243
-6 7 247
-6 -7 259
-6 8 243
-6 -8 231
-6 9 227
-6 -9 208
-5 0 262
-5 1 276
-5 -1 244
-5 10 205
-5 -10 201
-5 11 221
-5 -11 179
-5 12 202
-5 -12 179
-5 13 173
-5 -13 173
-5 14 177
-5 -14 125
-5 15 164
-5 -15 124
-5 16 116
-5 -16 83
-5 17 109
-5 -17 100
-5 18 87
-5 -18 77
-5 19 83
-5 -19 74
-5 2 251
-5 -2 256
-5 20 76
-5 -20 53
-5 21 61
-5 -21 73
-5 22 52
-5 -22 53
-5 23 57
-5 -23 57
-5 24 57
-5 -24 46
-5 25 41
-5 -25 50
-5 26 16
-5 -26 26
-5 27 5
-5 -27 2
-5 -28 1
-5 3 228
-5 -3 242
-5 4 245
-5 -4 255
-5 5 216
-5 -5 259
-5 6 236
-5 -6 222
-5 7 228
-5 -7 229
-5 8 223
-5 -8 238
-5 9 228
-5 -9 194
-4 0 274
-4 1 267
-4 -1 261
-4 10 200
-4 -10 194
-4 11 206
-4 -11 213
-4 12 208
-4 -12 204
-4 13 190
-4 -13 160
-4 14 172
-4 -14 151
-4 15 142
-4 -15 119
-4 16 148
-4 -16 117
-4 17 99
-4 -17 106
-4 18 90
-4 -18 90
-4 19 70
-4 -19 64
-4 2 245
-4 -2 254
-4 20 82
-4 -20 71
-4 21 66
-4 -21 64
-4 22 54
-4 -22 61
-4 23 54
-4 -23 52
-4 24 50
-4 -24 51
-4 25 41
-4 -25 44
-4 26 23
-4 -26 18
-4 27 6
-4 -27 6
-4 -28 2
-4 29 1
-4 3 236
-4 -3 256
-4 4 246
-4 -4 260
-4 5 237
-4 -5 260
-4 6 260
-4 -6 234
-4 7 216
-4 -7 225
-4 8 217
-4 -8 229
-4 9 234
-4 -9 224
-3 0 293
-3 1 282
-3 -1 292
-3 10 237
-3 -10 192
-3 11 187
-3 -11 206
-3 12 184
-3 -12 189
-3 13 190
-3 -13 175
-3 14 180
-3 -14 148
-3 15 164
-3 -15 131
-3 16 129
-3 -16 88
-3 17 112
-3 -17 90
-3 18 82
-3 -18 74
-3 19 88
-3 -19 69
-3 2 234
-3 -2 253
-3 20 71
-3 -20 63
-3 21 61
-3 -21 63
-3 22 75
-3 -22 46
-3 23 73
-3 -23 55
-3 24 60
-3 -24 52
-3 25 47
-3 -25 50
-3 26 25
-3 -26 18
-3 27 1
-3 -27 5
-3 28 1
-3 -28 2
-3 -29 1
-3 3 244
-3 -3 247
-3 4 262
-3 -4 268
-3 5 256
-3 -5 241
-3 6 246
-3 -6 242
-3 7 209
-3 -7 248
-3 8 201
-3 -8 230
-3 9 218
-3 -9 242
-2 0 284
-2 1 264
-2 -1 275
-2 10 213
-2 -10 217
-2 11 201
-2 -11 204
-2 12 191
-2 -12 202
-2 13 226
-2 -13 182
-2 14 194
-2 -14 144
-2 15 152
-2 -15 128
-2 16 148
-2 -16 116
-2 17 111
-2 -17 117
-2 18 90
-2 -18 71
-2 19 90
-2 -19 81
-2 2 240
-2 -2 261
-2 20 79
-2 -20 64
-2 21 64
-2 -21 73
-2 22 64
-2 -22 63
-2 23 71
-2 -23 66
-2 24 51
-2 -24 46
-2 25 47
-2 -25 52
-2 26 30
-2 -26 30
-2 27 8
-2 28 1
-2 -28 2
-2 3 249
-2 -3 259
-2 4 246
-2 -4 263
-2 5 230
-2 -5 245
-2 6 234
-2 -6 239
-2 7 223
-2 -7 254
-2 8 223
-2 -8 237
-2 9 244
-2 -9 203
-1 0 302
-1 1 287
-1 -1 277
-1 10 235
-1 -10 210
-1 11 234
-1 -11 206
-1 12 212
-1 -12 220
-1 13 194
-1 -13 188
-1 14 214
-1 -14 151
-1 15 177
-1 -15 130
-1 16 143
-1 -16 113
-1 17 110
-1 -17 84
-1 18 86
-1 -18 93
-1 19 72
-1 -19 70
-1 2 264
-1 -2 292
-1 20 87
-1 -20 69
-1 21 57
-1 -21 57
-1 22 83
-1 -22 56
-1 23 55
-1 -23 46
-1 24 62
-1 -24 45
-1 25 42
-1 -25 69
-1 26 15
-1 -26 25
-1 27 2
-1 -27 11
-1 28 1
-1 -28 1
-1 3 274
-1 -3 250
-1 4 288
-1 -4 253
-1 5 249
-1 -5 243
-1 6 227
-1 -6 262
-1 7 228
-1 -7 240
-1 8 224
-1 -8 234
-1 9 233
-1 -9 241
0 0 300
0 1 295
0 -1 293
0 10 207
0 -10 234
0 11 224
0 -11 234
0 12 219
0 -12 203
0 13 224
0 -13 217
0 14 194
0 -14 170
0 15 179
0 -15 144
0 16 128
0 -16 123
0 17 116
0 -17 98
0 18 97
0 -18 98
0 19 80
0 -19 68
0 2 292
0 -2 286
0 20 68
0 -20 64
0 21 57
0 -21 65
0 22 46
0 -22 47
0 23 41
0 -23 54
0 24 55
0 -24 43
0 25 41
0 -25 48
0 26 18
0 -26 27
0 27 3
0 -27 3
0 28 2
0 3 265
0 -3 284
0 4 257
0 -4 284
0 5 262
0 -5 284
0 6 249
0 -6 282
0 7 249
0 -7 284
0 8 249
0 -8 269
0 9 248
0 -9 232
1 0 296
1 1 278
1 -1 257
1 10 223
1 -10 233
1 11 240
1 -11 231
1 12 206
1 -12 214
1 13 202
1 -13 238
1 14 201
1 -14 195
1 15 178
1 -15 150
1 16 159
1 -16 117
1 17 97
1 -17 104
1 18 70
1 -18 79
1 19 87
1 -19 90
1 2 281
1 -2 289
1 20 80
1 -20 58
1 21 51
1 -21 58
1 22 69
1 -22 77
1 23 60
1 -23 64
1 24 64
1 -24 51
1 25 46
1 -25 39
1 26 18
1 -26 30
1 27 3
1 -27 3
1 28 1
1 3 278
1 -3 286
1 4 275
1 -4 288
1 5 245
1 -5 249
1 6 252
1 -6 285
1 7 254
1 -7 254
1 8 229
1 -8 263
1 9 213
1 -9 263
2 0 288
2 1 276
2 -1 283
2 10 228
2 -10 217
2 11 191
2 -11 249
2 12 194
2 -12 209
2 13 204
2 -13 197
2 14 161
2 -14 177
2 15 165
2 -15 132
2 16 132
2 -16 107
2 17 108
2 -17 92
2 18 88
2 -18 105
2 19 79
2 -19 92
2 2 257
2 -2 266
2 20 71
2 -20 69
2 21 65
2 -21 67
2 22 59
2 -22 54
2 23 65
2 -23 55
2 24 43
2 -24 45
2 25 41
2 -25 46
2 26 17
2 -26 28
2 27 8
2 -27 4
2 3 255
2 -3 264
2 4 243
2 -4 255
2 5 248
2 -5 252
2 6 217
2 -6 245
2 7 263
2 -7 236
2 8 216
2 -8 237
2 9 238
2 -9 224
3 0 271
3 1 278
3 -1 277
3 10 191
3 -10 212
3 11 205
3 -11 212
3 12 227
3 -12 205
3 13 188
3 -13 190
3 14 175
3 -14 176
3 15 157
3 -15 134
3 16 129
3 -16 91
3 17 108
3 -17 90
3 18 92
3 -18 85
3 19 70
3 -19 71
3 2 251
3 -2 249
3 20 83
3 -20 70
3 21 57
3 -21 46
3 22 69
3 -22 63
3 23 69
3 -23 57
3 24 70
3 -24 42
3 25 45
3 -25 48
3 26 28
3 -26 21
3 27 2
3 -27 5
3 -28 1
3 3 249
3 -3 271
3 4 246
3 -4 234
3 5 250
3 -5 248
3 6 232
3 -6 251
3 7 234
3 -7 240
3 8 226
3 -8 259
3 9 223
3 -9 228
4 0 285
4 1 234
4 -1 267
4 10 188
4 -10 234
4 11 184
4 -11 198
4 12 210
4 -12 222
4 13 209
4 -13 182
4 14 198
4 -14 161
4 15 162
4 -15 116
4 16 128
4 -16 111
4 17 109
4 -17 93
4 18 93
4 -18 75
4 19 82
4 -19 68
4 2 253
4 -2 262
4 20 79
4 -20 73
4 21 70
4 -21 68
4 22 46
4 -22 61
4 23 68
4 -23 55
4 24 53
4 -24 53
4 25 28
4 -25 42
4 26 17
4 -26 17
4 27 3
4 -27 3
4 28 2
4 3 233
4 -3 220
4 4 236
4 -4 235
4 5 234
4 -5 232
4 6 226
4 -6 221
4 7 204
4 -7 238
4 8 235
4 -8 234
4 9 217
4 -9 228
5 0 237
5 1 249
5 -1 275
5 10 220
5 -10 212
5 11 201
5 -11 182
5 12 212
5 -12 180
5 13 207
5 -13 177
5 14 183
5 -14 175
5 15 158
5 -15 140
5 16 139
5 -16 99
5 17 110
5 -17 98
5 18 99
5 -18 83
5 19 75
5 -19 92
5 2 230
5 -2 278
5 20 71
5 -20 70
5 21 65
5 -21 65
5 22 64
5 -22 52
5 23 54
5 -23 64
5 24 49
5 -24 56
5 25 47
5 -25 48
5 26 24
5 -26 16
5 27 2
5 -27 7
5 28 2
5 -28 1
5 3 218
5 -3 240
5 4 239
5 -4 239
5 5 258
5 -5 239
5 6 231
5 -6 237
5 7 248
5 -7 232
5 8 226
5 -8 224
5 9 203
5 -9 225
6 0 251
6 1 261
6 -1 247
6 10 217
6 -10 196
6 11 204
6 -11 197
6 12 203
6 -12 180
6 13 190
6 -13 178
6 14 201
6 -14 159
6 15 165
6 -15 133
6 16 138
6 -16 107
6 17 87
6 -17 99
6 18 84
6 -18 84
6 19 92
6 -19 67
6 2 246
6 -2 237
6 20 63
6 -20 73
6 21 61
6 -21 69
6 22 56
6 -22 67
6 23 60
6 -23 67
6 24 62
6 -24 48
6 25 45
6 -25 31
6 26 20
6 -26 23
6 27 6
6 -27 3
6 3 234
6 -3 242
6 4 236
6 -4 248
6 5 239
6 -5 258
6 6 234
6 -6 245
6 7 225
6 -7 232
6 8 243
6 -8 216
6 9 225
6 -9 202
7 0 263
7 1 253
7 -1 261
7 10 215
7 -10 189
7 11 205
7 -11 198
7 12 191
7 -12 169
7 13 182
7 -13 162
7 14 183
7 -14 152
7 15 166
7 -15 119
7 16 115
7 -16 104
7 17 103
7 -17 92
7 18 101
7 -18 73
7 19 88
7 -19 63
7 2 235
7 -2 259
7 20 78
7 -20 44
7 21 69
7 -21 55
7 22 74
7 -22 49
7 23 68
7 -23 47
7 24 51
7 -24 48
7 25 36
7 -25 44
7 26 18
7 -26 15
7 27 4
7 -27 3
7 28 1
7 -28 1
7 3 259
7 -3 232
7 -30 1
7 4 256
7 -4 236
7 5 228
7 -5 255
7 6 212
7 -6 227
7 7 226
7 -7 237
7 8 222
7 -8 219
7 9 193
7 -9 206
8 0 272
8 1 221
8 -1 256
8 10 186
8 -10 186
8 11 180
8 -11 205
8 12 180
8 -12 190
8 13 183
8 -13 197
8 14 155
8 -14 157
8 15 154
8 -15 128
8 16 136
8 -16 109
8 17 112
8 -17 106
8 18 99
8 -18 85
8 19 78
8 -19 72
8 2 263
8 -2 226
8 20 66
8 -20 61
8 21 71
8 -21 59
8 22 68
8 -22 53
8 23 71
8 -23 49
8 24 33
8 -24 56
8 25 40
8 -25 31
8 26 16
8 -26 29
8 27 6
8 -27 1
8 29 3
8 3 216
8 -3 214
8 4 235
8 -4 258
8 5 207
8 -5 225
8 6 241
8 -6 248
8 7 220
8 -7 227
8 8 230
8 -8 222
8 9 191
8 -9 196
9 0 236
9 1 249
9 -1 226
9 10 178
9 -10 189
9 11 194
9 -11 168
9 12 194
9 -12 174
9 13 188
9 -13 165
9 14 172
9 -14 141
9 15 147
9 -15 114
9 16 128
9 -16 102
9 17 91
9 -17 79
9 18 82
9 -18 87
9 19 67
9 -19 67
9 2 217
9 -2 234
9 20 70
9 -20 78
9 21 53
9 -21 55
9 22 52
9 -22 50
9 23 59
9 -23 64
9 24 51
9 -24 49
9 25 47
9 -25 35
9 26 19
9 -26 21
9 27 3
9 -27 5
9 3 247
9 -3 241
9 4 244
9 -4 264
9 5 230
9 -5 216
9 6 226
9 -6 241
9 7 206
9 -7 237
9 8 210
9 -8 217
9 9 203
9 -9 191
10 0 240
10 1 251
10 -1 215
10 10 195
10 -10 184
10 11 196
10 -11 160
10 12 190
10 -12 175
10 13 194
10 -13 179
10 14 182
10 -14 132
10 15 141
10 -15 126
10 16 110
10 -16 116
10 17 100
10 -17 66
10 18 73
10 -18 86
10 19 75
10 -19 70
10 2 241
10 -2 223
10 20 57
10 -20 66
10 21 64
10 -21 53
10 22 45
10 -22 54
10 23 52
10 -23 54
10 24 52
10 -24 32
10 25 37
10 -25 47
10 26 11
10 -26 21
10 27 3
10 -27 3
10 28 1
10 -28 1
10 3 240
10 -3 236
10 4 217
10 -4 208
10 5 232
10 -5 225
10 6 212
10 -6 226
10 7 210
10 -7 221
10 8 189
10 -8 225
10 9 192
10 -9 183
11 0 235
11 1 235
11 -1 219
11 10 213
11 -10 188
11 11 194
11 -11 168
11 12 198
11 -12 191
11 13 165
11 -13 179
11 14 156
11 -14 150
11 15 159
11 -15 133
11 16 118
11 -16 104
11 17 109
11 -17 92
11 18 82
11 -18 70
11 19 70
11 -19 50
11 2 223
11 -2 236
11 20 68
11 -20 61
11 21 62
11 -21 60
11 22 60
11 -22 53
11 23 46
11 -23 54
11 24 60
11 -24 46
11 25 41
11 -25 38
11 26 18
11 -26 17
11 27 6
11 -27 7
11 28 1
11 3 210
11 -3 219
11 4 208
11 -4 228
11 5 224
11 -5 208
11 6 224
11 -6 225
11 7 175
11 -7 194
11 8 196
11 -8 214
11 9 211
11 -9 202
12 0 216
12 1 206
12 -1 244
12 10 203
12 -10 199
12 11 188
12 -11 179
12 12 155
12 -12 156
12 13 162
12 -13 178
12 14 156
12 -14 139
12 15 117
12 -15 116
12 16 107
12 -16 88
12 17 99
12 -17 81
12 18 91
12 -18 76
12 19 82
12 -19 57
12 2 214
12 -2 236
12 20 60
12 -20 53
12 21 63
12 -21 58
12 22 48
12 -22 51
12 23 58
12 -23 43
12 24 49
12 -24 33
12 25 27
12 -25 38
12 26 14
12 -26 22
12 27 1
12 -27 1
12 28 1
12 -28 1
12 3 204
12 -3 205
12 4 191
12 -4 231
12 5 219
12 -5 196
12 6 199
12 -6 196
12 7 207
12 -7 208
12 8 194
12 -8 181
12 9 221
12 -9 191
13 0 225
13 1 209
13 -1 201
13 10 195
13 -10 155
13 11 193
13 -11 179
13 12 168
13 -12 151
13 13 172
13 -13 137
13 14 147
13 -14 122
13 15 134
13 -15 105
13 16 100
13 -16 90
13 17 77
13 -17 72
13 18 89
13 -18 72
13 19 74
13 -19 52
13 2 194
13 -2 200
13 20 67
13 -20 53
13 21 71
13 -21 38
13 22 58
13 -22 37
13 23 51
13 -23 37
13 24 54
13 -24 39
13 25 40
13 -25 46
13 26 15
13 -26 19
13 27 4
13 -27 4
13 28 2
13 3 194
13 -3 212
13 4 207
13 -4 179
13 5 205
13 -5 201
13 6 204
13 -6 205
13 7 184
13 -7 192
13 8 183
13 -8 170
13 9 176
13 -9 193
14 0 193
14 1 183
14 -1 199
14 10 151
14 -10 163
14 11 167
14 -11 162
14 12 159
14 -12 154
14 13 160
14 -13 135
14 14 136
14 -14 129
14 15 134
14 -15 90
14 16 105
14 -16 91
14 17 90
14 -17 56
14 18 67
14 -18 55
14 19 60
14 -19 61
14 2 199
14 -2 199
14 20 67
14 -20 47
14 21 54
14 -21 49
14 22 50
14 -22 56
14 23 35
14 -23 44
14 24 39
14 -24 39
14 25 42
14 -25 41
14 26 13
14 -26 14
14 27 6
14 -27 6
14 28 4
14 -28 1
14 3 169
14 -3 202
14 4 168
14 -4 189
14 5 174
14 -5 173
14 6 155
14 -6 167
14 7 187
14 -7 186
14 8 192
14 -8 152
14 9 184
14 -9 167
15 0 184
15 1 164
15 -1 185
15 10 138
15 -10 146
15 11 135
15 -11 143
15 12 127
15 -12 144
15 13 139
15 -13 126
15 14 133
15 -14 105
15 15 111
15 -15 92
15 16 97
15 -16 65
15 17 81
15 -17 58
15 18 58
15 -18 61
15 19 62
15 -19 62
15 2 169
15 -2 187
15 20 73
15 -20 42
15 21 61
15 -21 53
15 22 53
15 -22 56
15 23 39
15 -23 45
15 24 51
15 -24 36
15 25 33
15 -25 45
15 26 8
15 -26 24
15 27 5
15 -27 5
15 3 170
15 -3 180
15 30 1
15 4 181
15 -4 162
15 5 162
15 -5 162
15 6 144
15 -6 157
15 7 144
15 -7 174
15 8 147
15 -8 145
15 9 148
15 -9 171
16 0 132
16 1 146
16 -1 148
16 10 111
16 -10 136
16 11 121
16 -11 120
16 12 112
16 -12 114
16 13 106
16 -13 97
16 14 112
16 -14 86
16 15 85
16 -15 81
16 16 75
16 -16 56
16 17 60
16 -17 81
16 18 51
16 -18 65
16 19 56
16 -19 60
16 2 156
16 -2 129
16 20 65
16 -20 46
16 21 39
16 -21 55
16 22 51
16 -22 48
16 23 43
16 -23 44
16 24 33
16 -24 39
16 25 32
16 -25 41
16 26 11
16 -26 16
16 27 2
16 -27 2
16 -28 1
16 3 147
16 -3 137
16 4 152
16 -4 120
16 5 121
16 -5 126
16 6 128
16 -6 117
16 7 125
16 -7 116
16 8 135
16 -8 107
16 9 108
16 -9 106
17 0 101
17 1 104
17 -1 117
17 10 103
17 -10 110
17 11 107
17 -11 87
17 12 74
17 -12 107
17 13 90
17 -13 81
17 14 77
17 -14 67
17 15 82
17 -15 80
17 16 79
17 -16 60
17 17 74
17 -17 60
17 18 54
17 -18 49
17 19 48
17 -19 59
17 2 122
17 -2 86
17 20 52
17 -20 46
17 21 46
17 -21 39
17 22 41
17 -22 41
17 23 44
17 -23 42
17 24 31
17 -24 35
17 25 36
17 -25 29
17 26 7
17 -26 19
17 27 1
17 -27 2
17 3 128
17 -3 107
17 4 125
17 -4 127
17 5 96
17 -5 116
17 6 105
17 -6 93
17 7 107
17 -7 112
17 8 96
17 -8 110
17 9 92
17 -9 96
18 0 93
18 1 97
18 -1 101
18 10 92
18 -10 65
18 11 86
18 -11 77
18 12 79
18 -12 79
18 13 79
18 -13 72
18 14 68
18 -14 70
18 15 77
18 -15 59
18 16 59
18 -16 53
18 17 62
18 -17 50
18 18 65
18 -18 38
18 19 34
18 -19 48
18 2 92
18 -2 99
18 20 43
18 -20 40
18 21 45
18 -21 48
18 22 40
18 -22 42
18 23 39
18 -23 32
18 24 30
18 -24 26
18 25 34
18 -25 35
18 26 11
18 -26 14
18 27 2
18 -27 2
18 3 92
18 -3 115
18 4 97
18 -4 100
18 5 86
18 -5 81
18 6 100
18 -6 99
18 7 91
18 -7 96
18 8 69
18 -8 66
18 9 77
18 -9 91
19 0 83
19 1 88
19 -1 93
19 10 72
19 -10 72
19 11 79
19 -11 71
19 12 72
19 -12 59
19 13 68
19 -13 66
19 14 57
19 -14 47
19 15 64
19 -15 58
19 16 67
19 -16 56
19 17 60
19 -17 50
19 18 44
19 -18 55
19 19 44
19 -19 49
19 2 97
19 -2 66
19 20 43
19 -20 55
19 21 47
19 -21 31
19 22 41
19 -22 31
19 23 33
19 -23 33
19 24 38
19 -24 31
19 25 34
19 -25 32
19 26 11
19 -26 14
19 27 2
19 -27 2
19 28 1
19 3 98
19 -3 85
19 4 89
19 -4 90
19 5 88
19 -5 79
19 6 79
19 -6 87
19 7 75
19 -7 74
19 8 69
19 -8 74
19 9 79
19 -9 87
20 0 83
20 1 78
20 -1 85
20 10 85
20 -10 69
20 11 58
20 -11 63
20 12 69
20 -12 47
20 13 78
20 -13 64
20 14 51
20 -14 46
20 15 58
20 -15 55
20 16 59
20 -16 52
20 17 54
20 -17 54
20 18 40
20 -18 50
20 19 52
20 -19 29
20 2 64
20 -2 71
20 20 37
20 -20 33
20 21 40
20 -21 44
20 22 45
20 -22 47
20 23 45
20 -23 41
20 24 41
20 -24 36
20 25 35
20 -25 34
20 26 8
20 -26 19
20 27 3
20 -27 2
20 3 65
20 -3 73
20 4 67
20 -4 81
20 5 90
20 -5 70
20 6 70
20 -6 54
20 7 77
20 -7 74
20 8 63
20 -8 72
20 9 71
20 -9 63
21 0 69
21 1 79
21 -1 77
21 10 57
21 -10 66
21 11 67
21 -11 75
21 12 66
21 -12 50
21 13 59
21 -13 52
21 14 49
21 -14 43
21 15 50
21 -15 43
21 16 42
21 -16 46
21 17 43
21 -17 44
21 18 59
21 -18 44
21 19 55
21 -19 32
21 2 78
21 -2 81
21 20 43
21 -20 37
21 21 47
21 -21 38
21 22 39
21 -22 39
21 23 38
21 -23 23
21 24 36
21 -24 35
21 25 19
21 -25 33
21 26 6
21 -26 16
21 27 2
21 -27 4
21 -29 1
21 3 67
21 -3 64
21 4 61
21 -4 70
21 5 57
21 -5 56
21 6 54
21 -6 66
21 7 59
21 -7 44
21 8 72
21 -8 65
21 9 69
21 -9 70
22 0 75
22 1 63
22 -1 63
22 10 58
22 -10 54
22 11 56
22 -11 42
22 12 61
22 -12 58
22 13 43
22 -13 48
22 14 51
22 -14 42
22 15 53
22 -15 37
22 16 42
22 -16 40
22 17 40
22 -17 39
22 18 43
22 -18 44
22 19 43
22 -19 50
22 2 62
22 -2 67
22 20 34
22 -20 45
22 21 37
22 -21 39
22 22 25
22 -22 36
22 23 33
22 -23 31
22 24 41
22 -24 24
22 25 21
22 -25 36
22 26 12
22 -26 13
22 27 3
22 3 59
22 -3 67
22 4 58
22 -4 67
22 5 62
22 -5 55
22 6 68
22 -6 57
22 7 67
22 -7 50
22 8 59
22 -8 57
22 9 70
22 -9 62
23 0 58
23 1 59
23 -1 53
23 10 51
23 -10 54
23 11 55
23 -11 51
23 12 38
23 -12 44
23 13 45
23 -13 51
23 14 47
23 -14 42
23 15 52
23 -15 36
23 16 34
23 -16 42
23 17 23
23 -17 42
23 18 44
23 -18 33
23 19 36
23 -19 25
23 2 63
23 -2 44
23 20 44
23 -20 28
23 21 39
23 -21 35
23 22 29
23 -22 39
23 23 30
23 -23 30
23 24 31
23 -24 37
23 25 20
23 -25 19
23 26 8
23 -26 13
23 27 1
23 3 48
23 -3 51
23 4 56
23 -4 50
23 5 59
23 -5 55
23 6 60
23 -6 66
23 7 51
23 -7 49
23 8 57
23 -8 46
23 9 59
23 -9 43
24 0 58
24 1 58
24 -1 49
24 10 54
24 -10 57
24 11 56
24 -11 41
24 12 43
24 -12 50
24 13 49
24 -13 48
24 14 45
24 -14 30
24 15 46
24 -15 33
24 16 54
24 -16 33
24 17 33
24 -17 42
24 18 31
24 -18 32
24 19 41
24 -19 35
24 2 53
24 -2 42
24 20 35
24 -20 26
24 21 31
24 -21 32
24 22 43
24 -22 35
24 23 28
24 -23 42
24 24 22
24 -24 36
24 25 21
24 -25 31
24 26 11
24 -26 15
24 27 1
24 -27 2
24 3 51
24 -3 59
24 4 73
24 -4 36
24 5 54
24 -5 54
24 6 53
24 -6 41
24 7 46
24 -7 61
24 8 46
24 -8 44
24 9 59
24 -9 58
25 0 47
25 1 54
25 -1 54
25 10 44
25 -10 37
25 11 38
25 -11 44
25 12 35
25 -12 47
25 13 40
25 -13 48
25 14 35
25 -14 38
25 15 28
25 -15 32
25 16 43
25 -16 50
25 17 43
25 -17 32
25 18 41
25 -18 29
25 19 26
25 -19 26
25 2 38
25 -2 55
25 20 33
25 -20 37
25 21 28
25 -21 32
25 22 29
25 -22 28
25 23 23
25 -23 35
25 24 30
25 -24 24
25 25 23
25 -25 29
25 26 5
25 -26 10
25 -27 2
25 -28 1
25 3 47
25 -3 50
25 4 47
25 -4 41
25 5 56
25 -5 36
25 6 38
25 -6 41
25 7 47
25 -7 64
25 8 50
25 -8 41
25 9 45
25 -9 46
26 0 29
26 1 30
26 -1 20
26 10 18
26 -10 33
26 11 20
26 -11 18
26 12 15
26 -12 35
26 13 22
26 -13 32
26 14 23
26 -14 8
26 15 28
26 -15 17
26 16 19
26 -16 20
26 17 22
26 -17 18
26 18 28
26 -18 12
26 19 19
26 -19 21
26 2 22
26 -2 31
26 20 15
26 -20 18
26 21 18
26 -21 13
26 22 19
26 -22 21
26 23 20
26 -23 19
26 24 11
26 -24 13
26 25 6
26 -25 15
26 26 2
26 -26 8
26 -27 1
26 3 33
26 -3 21
26 4 28
26 -4 25
26 5 21
26 -5 25
26 6 31
26 -6 30
26 7 35
26 -7 26
26 8 17
26 -8 25
26 9 20
26 -9 31
27 0 4
27 1 4
27 -1 4
27 10 1
27 -10 5
27 11 3
27 -11 1
27 12 2
27 -12 3
27 13 2
27 -13 4
27 14 3
27 -14 6
27 15 5
27 -15 1
27 16 2
27 -16 3
27 -17 4
27 18 1
27 -18 1
27 19 2
27 2 7
27 -2 4
27 20 1
27 21 2
27 -21 2
27 22 1
27 -22 5
27 23 2
27 -23 1
27 3 4
27 -3 4
27 4 5
27 -4 7
27 5 9
27 -5 5
27 6 5
27 -6 4
27 7 5
27 -7 5
27 8 1
27 -8 3
27 9 3
27 -9 3
28 0 1
28 1 2
28 -1 3
28 10 1
28 -11 2
28 -12 1
28 -14 1
28 15 1
28 -16 2
28 -17 1
28 18 1
28 19 1
28 2 1
28 22 1
28 3 2
28 -3 1
28 -4 3
28 6 1
28 -6 1
28 -7 1
28 -8 1
28 -9 2
29 1 1
29 -12 1
29 13 1
29 15 1
29 -16 1
29 -3 1
29 4 1
29 5 1
29 -5 1
29 8 1
30 -19 1
30 -4 1
