-44 16 2
-44 18 1
-44 -3 1
-44 -5 1
-43 1 1
-43 11 1
-43 13 2
-43 14 1
-43 -14 1
-43 16 1
-43 -16 1
-43 17 1
-43 18 2
-43 -18 1
-43 20 1
-43 21 1
-43 22 1
-43 -23 1
-43 -24 1
-43 25 1
-43 -25 1
-43 26 2
-43 27 1
-43 -27 1
-43 29 1
-43 30 2
-43 -31 1
-43 35 1
-43 -35 1
-43 4 1
-43 -4 1
-43 -43 1
-43 7 2
-43 -8 1
-42 0 1
-42 1 3
-42 -1 1
-42 10 4
-42 -10 5
-42 11 3
-42 -11 5
-42 12 5
-42 -12 3
-42 13 4
-42 -13 3
-42 14 3
-42 -14 1
-42 15 2
-42 -15 2
-42 16 4
-42 -16 1
-42 17 5
-42 -17 5
-42 18 5
-42 -18 1
-42 19 2
-42 -19 4
-42 2 3
-42 -2 3
-42 20 1
-42 -20 1
-42 21 1
-42 -21 2
-42 22 3
-42 -22 6
-42 23 5
-42 -23 3
-42 24 4
-42 -24 3
-42 25 2
-42 -25 2
-42 26 4
-42 -26 5
-42 27 4
-42 -27 6
-42 28 7
-42 -28 3
-42 29 5
-42 -29 1
-42 3 3
-42 -3 2
-42 30 1
-42 31 3
-42 -31 3
-42 -32 2
-42 33 3
-42 -33 3
-42 34 1
-42 -34 3
-42 35 2
-42 -35 3
-42 36 2
-42 -36 4
-42 37 2
-42 -37 3
-42 -38 2
-42 39 1
-42 -39 1
-42 4 1
-42 -4 2
-42 41 1
-42 5 5
-42 -5 1
-42 6 6
-42 -6 3
-42 7 2
-42 -7 2
-42 8 2
-42 -8 2
-42 9 3
-42 -9 1
-41 0 23
-41 1 13
-41 -1 22
-41 10 22
-41 -10 24
-41 11 26
-41 -11 19
-41 12 27
-41 -12 14
-41 13 28
-41 -13 31
-41 14 23
-41 -14 21
-41 15 24
-41 -15 24
-41 16 28
-41 -16 27
-41 17 20
-41 -17 34
-41 18 19
-41 -18 17
-41 19 22
-41 -19 13
-41 2 15
-41 -2 22
-41 20 25
-41 -20 27
-41 21 25
-41 -21 22
-41 22 17
-41 -22 22
-41 23 18
-41 -23 16
-41 24 27
-41 -24 30
-41 25 26
-41 -25 15
-41 26 25
-41 -26 26
-41 27 20
-41 -27 15
-41 28 28
-41 -28 14
-41 29 31
-41 -29 28
-41 3 21
-41 -3 17
-41 30 27
-41 -30 22
-41 31 14
-41 -31 31
-41 32 20
-41 -32 25
-41 33 29
-41 -33 22
-41 34 22
-41 -34 24
-41 35 25
-41 -35 17
-41 36 31
-41 -36 21
-41 37 25
-41 -37 27
-41 38 20
-41 -38 19
-41 39 23
-41 -39 16
-41 4 20
-41 -4 21
-41 40 10
-41 -40 18
-41 41 5
-41 -41 8
-41 42 1
-41 -42 2
-41 5 24
-41 -5 20
-41 6 14
-41 -6 23
-41 7 25
-41 -7 26
-41 8 19
-41 -8 20
-41 9 25
-41 -9 19
-40 0 82
-40 1 73
-40 -1 63
-40 10 58
-40 -10 62
-40 11 69
-40 -11 64
-40 12 64
-40 -12 71
-40 13 71
-40 -13 60
-40 14 76
-40 -14 69
-40 15 77
-40 -15 71
-40 16 63
-40 -16 73
-40 17 59
-40 -17 77
-40 18 66
-40 -18 65
-40 19 59
-40 -19 58
-40 2 71
-40 -2 68
-40 20 69
-40 -20 65
-40 21 64
-40 -21 75
-40 22 72
-40 -22 67
-40 23 65
-40 -23 59
-40 24 71
-40 -24 64
-40 25 62
-40 -25 72
-40 26 93
-40 -26 61
-40 27 71
-40 -27 79
-40 28 64
-40 -28 68
-40 29 77
-40 -29 62
-40 3 72
-40 -3 78
-40 30 78
-40 -30 57
-40 31 54
-40 -31 67
-40 32 69
-40 -32 73
-40 33 73
-40 -33 67
-40 34 72
-40 -34 69
-40 35 69
-40 -35 70
-40 36 71
-40 -36 59
-40 37 67
-40 -37 68
-40 38 79
-40 -38 62
-40 39 68
-40 -39 76
-40 4 75
-40 -4 57
-40 40 61
-40 -40 67
-40 41 17
-40 -41 26
-40 -42 1
-40 5 71
-40 -5 64
-40 6 71
-40 -6 70
-40 7 62
-40 -7 71
-40 8 78
-40 -8 70
-40 9 73
-40 -9 68
-39 0 74
-39 1 60
-39 -1 65
-39 10 77
-39 -10 67
-39 11 67
-39 -11 60
-39 12 67
-39 -12 76
-39 13 53
-39 -13 64
-39 14 62
-39 -14 60
-39 15 56
-39 -15 58
-39 16 75
-39 -16 71
-39 17 73
-39 -17 58
-39 18 63
-39 -18 67
-39 19 62
-39 -19 58
-39 2 56
-39 -2 64
-39 20 63
-39 -20 70
-39 21 51
-39 -21 65
-39 22 61
-39 -22 74
-39 23 88
-39 -23 77
-39 24 59
-39 -24 78
-39 25 69
-39 -25 64
-39 26 63
-39 -26 75
-39 27 69
-39 -27 60
-39 28 62
-39 -28 65
-39 29 57
-39 -29 70
-39 3 68
-39 -3 61
-39 30 80
-39 -30 63
-39 31 71
-39 -31 72
-39 32 75
-39 -32 71
-39 33 75
-39 -33 79
-39 34 69
-39 -34 65
-39 35 64
-39 -35 58
-39 36 69
-39 -36 59
-39 37 69
-39 -37 77
-39 38 63
-39 -38 79
-39 39 68
-39 -39 69
-39 4 53
-39 -4 64
-39 40 64
-39 -40 71
-39 41 27
-39 -41 36
-39 42 3
-39 -42 5
-39 5 59
-39 -5 78
-39 6 64
-39 -6 68
-39 7 68
-39 -7 56
-39 8 66
-39 -8 66
-39 9 79
-39 -9 63
-38 0 67
-38 1 72
-38 -1 86
-38 10 60
-38 -10 58
-38 11 59
-38 -11 71
-38 12 66
-38 -12 66
-38 13 54
-38 -13 68
-38 14 59
-38 -14 67
-38 15 68
-38 -15 70
-38 16 72
-38 -16 53
-38 17 63
-38 -17 77
-38 18 67
-38 -18 67
-38 19 72
-38 -19 71
-38 2 73
-38 -2 72
-38 20 66
-38 -20 65
-38 21 70
-38 -21 51
-38 22 65
-38 -22 60
-38 23 66
-38 -23 60
-38 24 77
-38 -24 63
-38 25 69
-38 -25 62
-38 26 61
-38 -26 66
-38 27 65
-38 -27 66
-38 28 65
-38 -28 74
-38 29 60
-38 -29 71
-38 3 57
-38 -3 64
-38 30 72
-38 -30 79
-38 31 76
-38 -31 63
-38 32 65
-38 -32 55
-38 33 66
-38 -33 70
-38 34 60
-38 -34 63
-38 35 61
-38 -35 70
-38 36 66
-38 -36 69
-38 37 62
-38 -37 67
-38 38 60
-38 -38 78
-38 39 65
-38 -39 52
-38 4 59
-38 -4 74
-38 40 69
-38 -40 69
-38 41 26
-38 -41 31
-38 42 4
-38 -42 7
-38 5 54
-38 -5 61
-38 6 81
-38 -6 70
-38 7 75
-38 -7 65
-38 8 68
-38 -8 70
-38 9 72
-38 -9 78
-37 0 56
-37 1 78
-37 -1 65
-37 10 71
-37 -10 75
-37 11 71
-37 -11 62
-37 12 78
-37 -12 70
-37 13 62
-37 -13 65
-37 14 62
-37 -14 79
-37 15 74
-37 -15 71
-37 16 71
-37 -16 71
-37 17 77
-37 -17 69
-37 18 64
-37 -18 80
-37 19 54
-37 -19 61
-37 2 57
-37 -2 56
-37 20 66
-37 -20 65
-37 21 63
-37 -21 82
-37 22 62
-37 -22 65
-37 23 68
-37 -23 61
-37 24 72
-37 -24 56
-37 25 64
-37 -25 76
-37 26 58
-37 -26 68
-37 27 56
-37 -27 66
-37 28 71
-37 -28 67
-37 29 84
-37 -29 68
-37 3 62
-37 -3 74
-37 30 61
-37 -30 61
-37 31 67
-37 -31 72
-37 32 73
-37 -32 71
-37 33 66
-37 -33 60
-37 34 70
-37 -34 74
-37 35 76
-37 -35 73
-37 36 74
-37 -36 67
-37 37 55
-37 -37 66
-37 38 67
-37 -38 73
-37 39 80
-37 -39 76
-37 4 51
-37 -4 76
-37 40 70
-37 -40 63
-37 41 22
-37 -41 36
-37 42 11
-37 -42 9
-37 43 1
-37 -43 1
-37 5 65
-37 -5 76
-37 6 70
-37 -6 62
-37 7 74
-37 -7 79
-37 8 69
-37 -8 65
-37 9 66
-37 -9 56
-36 0 62
-36 1 77
-36 -1 59
-36 10 74
-36 -10 89
-36 11 64
-36 -11 56
-36 12 64
-36 -12 63
-36 13 63
-36 -13 78
-36 14 73
-36 -14 72
-36 15 59
-36 -15 70
-36 16 51
-36 -16 58
-36 17 69
-36 -17 69
-36 18 74
-36 -18 78
-36 19 68
-36 -19 49
-36 2 67
-36 -2 84
-36 20 55
-36 -20 67
-36 21 67
-36 -21 66
-36 22 57
-36 -22 72
-36 23 75
-36 -23 68
-36 24 57
-36 -24 78
-36 25 65
-36 -25 79
-36 26 66
-36 -26 67
-36 27 64
-36 -27 84
-36 28 51
-36 -28 57
-36 29 73
-36 -29 65
-36 3 64
-36 -3 78
-36 30 72
-36 -30 65
-36 31 65
-36 -31 58
-36 32 75
-36 -32 62
-36 33 63
-36 -33 63
-36 34 59
-36 -34 59
-36 35 62
-36 -35 67
-36 36 73
-36 -36 63
-36 37 65
-36 -37 73
-36 38 60
-36 -38 69
-36 39 70
-36 -39 67
-36 4 57
-36 -4 61
-36 40 66
-36 -40 66
-36 41 31
-36 -41 31
-36 42 5
-36 -42 13
-36 -43 1
-36 -44 1
-36 5 51
-36 -5 57
-36 6 62
-36 -6 72
-36 7 77
-36 -7 71
-36 8 73
-36 -8 54
-36 9 66
-36 -9 80
-35 0 62
-35 1 66
-35 -1 78
-35 10 67
-35 -10 68
-35 11 59
-35 -11 74
-35 12 63
-35 -12 77
-35 13 61
-35 -13 73
-35 14 69
-35 -14 63
-35 15 66
-35 -15 66
-35 16 64
-35 -16 76
-35 17 67
-35 -17 84
-35 18 59
-35 -18 71
-35 19 66
-35 -19 75
-35 2 64
-35 -2 64
-35 20 64
-35 -20 67
-35 21 84
-35 -21 70
-35 22 65
-35 -22 75
-35 23 59
-35 -23 62
-35 24 50
-35 -24 68
-35 25 58
-35 -25 69
-35 26 69
-35 -26 77
-35 27 69
-35 -27 77
-35 28 63
-35 -28 70
-35 29 58
-35 -29 61
-35 3 61
-35 -3 68
-35 30 57
-35 -30 75
-35 31 63
-35 -31 55
-35 32 72
-35 -32 60
-35 33 62
-35 -33 74
-35 34 60
-35 -34 63
-35 35 71
-35 -35 70
-35 36 55
-35 -36 76
-35 37 60
-35 -37 66
-35 38 71
-35 -38 81
-35 39 82
-35 -39 79
-35 4 50
-35 -4 69
-35 40 77
-35 -40 80
-35 41 36
-35 -41 32
-35 42 3
-35 -42 6
-35 -43 1
-35 -44 1
-35 5 66
-35 -5 56
-35 6 66
-35 -6 65
-35 7 60
-35 -7 61
-35 8 66
-35 -8 70
-35 9 66
-35 -9 70
-34 0 67
-34 1 53
-34 -1 56
-34 10 77
-34 -10 53
-34 11 71
-34 -11 61
-34 12 70
-34 -12 61
-34 13 62
-34 -13 64
-34 14 80
-34 -14 72
-34 15 68
-34 -15 74
-34 16 60
-34 -16 67
-34 17 69
-34 -17 64
-34 18 73
-34 -18 63
-34 19 60
-34 -19 60
-34 2 49
-34 -2 50
-34 20 61
-34 -20 65
-34 21 85
-34 -21 64
-34 22 73
-34 -22 61
-34 23 59
-34 -23 74
-34 24 60
-34 -24 72
-34 25 64
-34 -25 74
-34 26 74
-34 -26 50
-34 27 68
-34 -27 65
-34 28 70
-34 -28 78
-34 29 67
-34 -29 75
-34 3 76
-34 -3 74
-34 30 63
-34 -30 72
-34 31 70
-34 -31 48
-34 32 52
-34 -32 67
-34 33 77
-34 -33 73
-34 34 71
-34 -34 81
-34 35 74
-34 -35 70
-34 36 61
-34 -36 60
-34 37 78
-34 -37 61
-34 38 68
-34 -38 64
-34 39 66
-34 -39 63
-34 4 62
-34 -4 63
-34 40 65
-34 -40 67
-34 41 36
-34 -41 31
-34 42 12
-34 -42 11
-34 43 2
-34 5 67
-34 -5 58
-34 6 62
-34 -6 70
-34 7 69
-34 -7 63
-34 8 58
-34 -8 69
-34 9 75
-34 -9 60
-33 0 52
-33 1 62
-33 -1 55
-33 10 63
-33 -10 77
-33 11 69
-33 -11 63
-33 12 57
-33 -12 82
-33 13 84
-33 -13 59
-33 14 59
-33 -14 69
-33 15 66
-33 -15 59
-33 16 62
-33 -16 71
-33 17 60
-33 -17 56
-33 18 67
-33 -18 76
-33 19 62
-33 -19 63
-33 2 60
-33 -2 64
-33 20 78
-33 -20 63
-33 21 69
-33 -21 59
-33 22 61
-33 -22 68
-33 23 62
-33 -23 61
-33 24 63
-33 -24 70
-33 25 56
-33 -25 70
-33 26 65
-33 -26 77
-33 27 70
-33 -27 65
-33 28 58
-33 -28 69
-33 29 82
-33 -29 57
-33 3 72
-33 -3 60
-33 30 76
-33 -30 66
-33 31 71
-33 -31 58
-33 32 60
-33 -32 72
-33 33 68
-33 -33 70
-33 34 56
-33 -34 62
-33 35 77
-33 -35 73
-33 36 60
-33 -36 68
-33 37 69
-33 -37 69
-33 38 61
-33 -38 62
-33 39 62
-33 -39 76
-33 4 59
-33 -4 56
-33 40 67
-33 -40 68
-33 41 28
-33 -41 33
-33 42 6
-33 -42 5
-33 43 1
-33 -43 1
-33 5 68
-33 -5 58
-33 6 67
-33 -6 60
-33 7 69
-33 -7 68
-33 8 78
-33 -8 69
-33 9 68
-33 -9 67
-32 0 75
-32 1 68
-32 -1 64
-32 10 58
-32 -10 70
-32 11 59
-32 -11 73
-32 12 61
-32 -12 64
-32 13 61
-32 -13 70
-32 14 61
-32 -14 65
-32 15 80
-32 -15 72
-32 16 64
-32 -16 70
-32 17 57
-32 -17 83
-32 18 62
-32 -18 49
-32 19 73
-32 -19 72
-32 2 71
-32 -2 79
-32 20 56
-32 -20 66
-32 21 74
-32 -21 70
-32 22 48
-32 -22 70
-32 23 49
-32 -23 67
-32 24 70
-32 -24 70
-32 25 64
-32 -25 58
-32 26 52
-32 -26 60
-32 27 65
-32 -27 75
-32 28 59
-32 -28 64
-32 29 75
-32 -29 70
-32 3 63
-32 -3 61
-32 30 63
-32 -30 62
-32 31 77
-32 -31 78
-32 32 77
-32 -32 62
-32 33 75
-32 -33 80
-32 34 58
-32 -34 76
-32 35 65
-32 -35 73
-32 36 78
-32 -36 63
-32 37 62
-32 -37 67
-32 38 86
-32 -38 65
-32 39 74
-32 -39 70
-32 4 67
-32 -4 64
-32 40 63
-32 -40 60
-32 41 41
-32 -41 38
-32 42 10
-32 -42 6
-32 43 3
-32 5 54
-32 -5 76
-32 6 66
-32 -6 57
-32 7 68
-32 -7 67
-32 8 72
-32 -8 71
-32 9 64
-32 -9 62
-31 0 73
-31 1 73
-31 -1 53
-31 10 70
-31 -10 72
-31 11 78
-31 -11 75
-31 12 72
-31 -12 70
-31 13 70
-31 -13 60
-31 14 61
-31 -14 70
-31 15 60
-31 -15 74
-31 16 73
-31 -16 76
-31 17 48
-31 -17 73
-31 18 84
-31 -18 84
-31 19 57
-31 -19 63
-31 2 62
-31 -2 71
-31 20 66
-31 -20 53
-31 21 81
-31 -21 76
-31 22 63
-31 -22 69
-31 23 56
-31 -23 61
-31 24 55
-31 -24 75
-31 25 69
-31 -25 73
-31 26 79
-31 -26 79
-31 27 60
-31 -27 87
-31 28 60
-31 -28 58
-31 29 72
-31 -29 59
-31 3 75
-31 -3 61
-31 30 48
-31 -30 80
-31 31 64
-31 -31 71
-31 32 53
-31 -32 76
-31 33 73
-31 -33 60
-31 34 68
-31 -34 79
-31 35 76
-31 -35 60
-31 36 58
-31 -36 72
-31 37 55
-31 -37 65
-31 38 64
-31 -38 76
-31 39 62
-31 -39 58
-31 4 75
-31 -4 82
-31 40 78
-31 -40 70
-31 41 34
-31 -41 48
-31 42 7
-31 -42 12
-31 43 2
-31 5 65
-31 -5 57
-31 6 69
-31 -6 73
-31 7 73
-31 -7 65
-31 8 77
-31 -8 61
-31 9 70
-31 -9 62
-30 0 65
-30 1 67
-30 -1 65
-30 10 54
-30 -10 66
-30 11 53
-30 -11 67
-30 12 57
-30 -12 67
-30 13 71
-30 -13 66
-30 14 55
-30 -14 62
-30 15 63
-30 -15 52
-30 16 63
-30 -16 59
-30 17 68
-30 -17 67
-30 18 57
-30 -18 68
-30 19 52
-30 -19 64
-30 2 74
-30 -2 62
-30 20 70
-30 -20 58
-30 21 58
-30 -21 69
-30 22 60
-30 -22 67
-30 23 51
-30 -23 65
-30 24 57
-30 -24 57
-30 25 64
-30 -25 68
-30 26 76
-30 -26 63
-30 27 85
-30 -27 69
-30 28 61
-30 -28 79
-30 29 53
-30 -29 62
-30 3 67
-30 -3 63
-30 30 67
-30 -30 74
-30 31 63
-30 -31 67
-30 32 77
-30 -32 68
-30 33 74
-30 -33 64
-30 34 70
-30 -34 57
-30 35 67
-30 -35 69
-30 36 63
-30 -36 62
-30 37 59
-30 -37 62
-30 38 69
-30 -38 73
-30 39 75
-30 -39 66
-30 4 76
-30 -4 60
-30 40 76
-30 -40 56
-30 41 34
-30 -41 32
-30 42 6
-30 -42 16
-30 43 2
-30 -43 3
-30 5 68
-30 -5 52
-30 6 68
-30 -6 78
-30 7 47
-30 -7 67
-30 8 67
-30 -8 66
-30 9 67
-30 -9 59
-29 0 49
-29 1 73
-29 -1 66
-29 10 91
-29 -10 55
-29 11 62
-29 -11 70
-29 12 69
-29 -12 72
-29 13 51
-29 -13 64
-29 14 62
-29 -14 66
-29 15 72
-29 -15 62
-29 16 56
-29 -16 58
-29 17 63
-29 -17 63
-29 18 58
-29 -18 81
-29 19 61
-29 -19 66
-29 2 61
-29 -2 61
-29 20 57
-29 -20 72
-29 21 61
-29 -21 71
-29 22 61
-29 -22 68
-29 23 62
-29 -23 63
-29 24 62
-29 -24 68
-29 25 65
-29 -25 69
-29 26 73
-29 -26 61
-29 27 59
-29 -27 72
-29 28 63
-29 -28 75
-29 29 59
-29 -29 66
-29 3 69
-29 -3 56
-29 30 58
-29 -30 77
-29 31 69
-29 -31 60
-29 32 64
-29 -32 57
-29 33 72
-29 -33 60
-29 34 71
-29 -34 73
-29 35 65
-29 -35 63
-29 36 64
-29 -36 67
-29 37 74
-29 -37 63
-29 38 65
-29 -38 67
-29 39 69
-29 -39 73
-29 4 62
-29 -4 77
-29 40 71
-29 -40 71
-29 41 34
-29 -41 25
-29 42 6
-29 -42 9
-29 44 1
-29 5 63
-29 -5 54
-29 6 61
-29 -6 70
-29 7 72
-29 -7 69
-29 8 61
-29 -8 63
-29 9 67
-29 -9 64
-28 0 74
-28 1 61
-28 -1 59
-28 10 90
-28 -10 58
-28 11 60
-28 -11 52
-28 12 62
-28 -12 75
-28 13 69
-28 -13 70
-28 14 61
-28 -14 64
-28 15 75
-28 -15 72
-28 16 66
-28 -16 72
-28 17 66
-28 -17 65
-28 18 58
-28 -18 56
-28 19 72
-28 -19 64
-28 2 63
-28 -2 54
-28 20 63
-28 -20 59
-28 21 64
-28 -21 64
-28 22 63
-28 -22 64
-28 23 65
-28 -23 55
-28 24 66
-28 -24 68
-28 25 80
-28 -25 60
-28 26 62
-28 -26 69
-28 27 64
-28 -27 60
-28 28 70
-28 -28 68
-28 29 74
-28 -29 68
-28 3 52
-28 -3 71
-28 30 70
-28 -30 71
-28 31 59
-28 -31 75
-28 32 64
-28 -32 72
-28 33 57
-28 -33 85
-28 34 62
-28 -34 78
-28 35 55
-28 -35 90
-28 36 62
-28 -36 72
-28 37 74
-28 -37 69
-28 38 69
-28 -38 74
-28 39 73
-28 -39 61
-28 4 66
-28 -4 72
-28 40 77
-28 -40 68
-28 41 21
-28 -41 30
-28 42 9
-28 -42 4
-28 43 1
-28 -43 1
-28 -44 1
-28 -45 1
-28 5 61
-28 -5 69
-28 6 59
-28 -6 63
-28 7 63
-28 -7 66
-28 8 78
-28 -8 55
-28 9 70
-28 -9 75
-27 0 64
-27 1 75
-27 -1 69
-27 10 64
-27 -10 66
-27 11 50
-27 -11 62
-27 12 71
-27 -12 63
-27 13 62
-27 -13 68
-27 14 66
-27 -14 65
-27 15 62
-27 -15 72
-27 16 80
-27 -16 58
-27 17 78
-27 -17 56
-27 18 66
-27 -18 71
-27 19 72
-27 -19 81
-27 2 49
-27 -2 63
-27 20 63
-27 -20 78
-27 21 62
-27 -21 55
-27 22 87
-27 -22 56
-27 23 62
-27 -23 59
-27 24 63
-27 -24 69
-27 25 63
-27 -25 67
-27 26 73
-27 -26 68
-27 27 55
-27 -27 63
-27 28 65
-27 -28 63
-27 29 73
-27 -29 71
-27 3 65
-27 -3 81
-27 30 60
-27 -30 57
-27 31 57
-27 -31 56
-27 32 61
-27 -32 75
-27 33 61
-27 -33 60
-27 34 47
-27 -34 66
-27 35 62
-27 -35 60
-27 36 70
-27 -36 66
-27 37 73
-27 -37 52
-27 38 62
-27 -38 65
-27 39 62
-27 -39 70
-27 4 76
-27 -4 63
-27 40 77
-27 -40 50
-27 41 39
-27 -41 38
-27 42 10
-27 -42 13
-27 43 2
-27 -43 6
-27 44 1
-27 5 83
-27 -5 74
-27 6 69
-27 -6 65
-27 7 65
-27 -7 61
-27 8 67
-27 -8 61
-27 9 68
-27 -9 70
-26 0 56
-26 1 69
-26 -1 69
-26 10 66
-26 -10 79
-26 11 58
-26 -11 70
-26 12 76
-26 -12 65
-26 13 78
-26 -13 59
-26 14 58
-26 -14 63
-26 15 76
-26 -15 64
-26 16 60
-26 -16 59
-26 17 81
-26 -17 55
-26 18 60
-26 -18 67
-26 19 64
-26 -19 74
-26 2 64
-26 -2 71
-26 20 61
-26 -20 70
-26 21 68
-26 -21 65
-26 22 65
-26 -22 77
-26 23 71
-26 -23 60
-26 24 67
-26 -24 63
-26 25 51
-26 -25 74
-26 26 91
-26 -26 58
-26 27 73
-26 -27 81
-26 28 64
-26 -28 68
-26 29 61
-26 -29 73
-26 3 60
-26 -3 59
-26 30 67
-26 -30 71
-26 31 66
-26 -31 78
-26 32 67
-26 -32 80
-26 33 68
-26 -33 80
-26 34 67
-26 -34 57
-26 35 61
-26 -35 63
-26 36 73
-26 -36 60
-26 37 63
-26 -37 54
-26 38 71
-26 -38 60
-26 39 73
-26 -39 60
-26 4 74
-26 -4 76
-26 40 76
-26 -40 72
-26 41 35
-26 -41 37
-26 42 5
-26 -42 9
-26 -43 2
-26 5 73
-26 -5 70
-26 6 74
-26 -6 77
-26 7 62
-26 -7 70
-26 8 63
-26 -8 66
-26 9 60
-26 -9 63
-25 0 67
-25 1 65
-25 -1 56
-25 10 61
-25 -10 57
-25 11 60
-25 -11 69
-25 12 66
-25 -12 61
-25 13 67
-25 -13 63
-25 14 66
-25 -14 64
-25 15 57
-25 -15 57
-25 16 74
-25 -16 63
-25 17 65
-25 -17 62
-25 18 63
-25 -18 61
-25 19 72
-25 -19 72
-25 2 75
-25 -2 63
-25 20 57
-25 -20 68
-25 21 75
-25 -21 62
-25 22 67
-25 -22 69
-25 23 57
-25 -23 58
-25 24 75
-25 -24 54
-25 25 69
-25 -25 76
-25 26 77
-25 -26 63
-25 27 74
-25 -27 69
-25 28 66
-25 -28 70
-25 29 81
-25 -29 53
-25 3 66
-25 -3 50
-25 30 66
-25 -30 75
-25 31 64
-25 -31 78
-25 32 71
-25 -32 60
-25 33 70
-25 -33 59
-25 34 72
-25 -34 64
-25 35 77
-25 -35 64
-25 36 74
-25 -36 63
-25 37 49
-25 -37 65
-25 38 67
-25 -38 63
-25 39 56
-25 -39 68
-25 4 49
-25 -4 48
-25 40 63
-25 -40 66
-25 41 39
-25 -41 26
-25 42 12
-25 -42 11
-25 43 1
-25 -43 2
-25 5 60
-25 -5 63
-25 6 61
-25 -6 64
-25 7 60
-25 -7 65
-25 8 75
-25 -8 70
-25 9 74
-25 -9 76
-24 0 67
-24 1 77
-24 -1 55
-24 10 64
-24 -10 70
-24 11 74
-24 -11 68
-24 12 67
-24 -12 67
-24 13 71
-24 -13 71
-24 14 71
-24 -14 72
-24 15 65
-24 -15 66
-24 16 70
-24 -16 57
-24 17 65
-24 -17 68
-24 18 67
-24 -18 63
-24 19 67
-24 -19 71
-24 2 61
-24 -2 54
-24 20 72
-24 -20 59
-24 21 63
-24 -21 66
-24 22 65
-24 -22 81
-24 23 61
-24 -23 57
-24 24 74
-24 -24 64
-24 25 74
-24 -25 75
-24 26 73
-24 -26 45
-24 27 56
-24 -27 63
-24 28 59
-24 -28 52
-24 29 74
-24 -29 63
-24 3 59
-24 -3 71
-24 30 61
-24 -30 74
-24 31 64
-24 -31 68
-24 32 74
-24 -32 65
-24 33 64
-24 -33 58
-24 34 71
-24 -34 64
-24 35 71
-24 -35 62
-24 36 75
-24 -36 65
-24 37 66
-24 -37 70
-24 38 61
-24 -38 73
-24 39 82
-24 -39 63
-24 4 64
-24 -4 77
-24 40 87
-24 -40 60
-24 41 21
-24 -41 42
-24 42 4
-24 -42 7
-24 43 3
-24 -43 2
-24 5 68
-24 -5 63
-24 6 70
-24 -6 67
-24 7 74
-24 -7 63
-24 8 65
-24 -8 79
-24 9 73
-24 -9 58
-23 0 54
-23 1 55
-23 -1 72
-23 10 74
-23 -10 66
-23 11 63
-23 -11 74
-23 12 66
-23 -12 62
-23 13 52
-23 -13 65
-23 14 74
-23 -14 66
-23 15 69
-23 -15 66
-23 16 54
-23 -16 59
-23 17 63
-23 -17 60
-23 18 61
-23 -18 53
-23 19 62
-23 -19 60
-23 2 56
-23 -2 60
-23 20 65
-23 -20 71
-23 21 66
-23 -21 72
-23 22 66
-23 -22 80
-23 23 55
-23 -23 66
-23 24 66
-23 -24 58
-23 25 59
-23 -25 62
-23 26 60
-23 -26 77
-23 27 63
-23 -27 66
-23 28 71
-23 -28 73
-23 29 82
-23 -29 70
-23 3 54
-23 -3 60
-23 30 71
-23 -30 64
-23 31 78
-23 -31 75
-23 32 63
-23 -32 66
-23 33 71
-23 -33 59
-23 34 59
-23 -34 68
-23 35 67
-23 -35 50
-23 36 63
-23 -36 59
-23 37 75
-23 -37 71
-23 38 63
-23 -38 77
-23 39 68
-23 -39 65
-23 4 65
-23 -4 64
-23 40 70
-23 -40 61
-23 41 35
-23 -41 34
-23 42 11
-23 -42 11
-23 -43 1
-23 5 71
-23 -5 75
-23 6 70
-23 -6 68
-23 7 69
-23 -7 64
-23 8 64
-23 -8 61
-23 9 62
-23 -9 61
-22 0 62
-22 1 71
-22 -1 65
-22 10 66
-22 -10 52
-22 11 61
-22 -11 62
-22 12 66
-22 -12 68
-22 13 68
-22 -13 74
-22 14 74
-22 -14 69
-22 15 59
-22 -15 62
-22 16 66
-22 -16 67
-22 17 69
-22 -17 52
-22 18 79
-22 -18 65
-22 19 81
-22 -19 59
-22 2 60
-22 -2 71
-22 20 57
-22 -20 67
-22 21 74
-22 -21 74
-22 22 78
-22 -22 59
-22 23 58
-22 -23 62
-22 24 72
-22 -24 63
-22 25 69
-22 -25 72
-22 26 67
-22 -26 71
-22 27 68
-22 -27 71
-22 28 60
-22 -28 61
-22 29 79
-22 -29 69
-22 3 56
-22 -3 60
-22 30 65
-22 -30 61
-22 31 78
-22 -31 69
-22 32 75
-22 -32 75
-22 33 60
-22 -33 74
-22 34 67
-22 -34 75
-22 35 56
-22 -35 62
-22 36 71
-22 -36 58
-22 37 70
-22 -37 73
-22 38 75
-22 -38 65
-22 39 54
-22 -39 76
-22 4 65
-22 -4 75
-22 40 75
-22 -40 70
-22 41 35
-22 -41 32
-22 42 8
-22 -42 6
-22 43 1
-22 -43 1
-22 44 2
-22 5 67
-22 -5 64
-22 6 53
-22 -6 76
-22 7 67
-22 -7 65
-22 8 60
-22 -8 70
-22 9 68
-22 -9 58
-21 0 73
-21 1 62
-21 -1 69
-21 10 55
-21 -10 60
-21 11 70
-21 -11 70
-21 12 70
-21 -12 65
-21 13 66
-21 -13 60
-21 14 59
-21 -14 70
-21 15 73
-21 -15 67
-21 16 73
-21 -16 63
-21 17 58
-21 -17 68
-21 18 56
-21 -18 57
-21 19 69
-21 -19 60
-21 2 74
-21 -2 62
-21 20 72
-21 -20 74
-21 21 64
-21 -21 58
-21 22 68
-21 -22 59
-21 23 71
-21 -23 72
-21 24 54
-21 -24 74
-21 25 71
-21 -25 69
-21 26 51
-21 -26 74
-21 27 69
-21 -27 60
-21 28 73
-21 -28 82
-21 29 64
-21 -29 72
-21 3 68
-21 -3 63
-21 30 71
-21 -30 72
-21 31 76
-21 -31 58
-21 32 58
-21 -32 70
-21 33 63
-21 -33 78
-21 34 59
-21 -34 76
-21 35 52
-21 -35 67
-21 36 68
-21 -36 67
-21 37 63
-21 -37 70
-21 38 66
-21 -38 59
-21 39 64
-21 -39 60
-21 4 78
-21 -4 76
-21 40 80
-21 -40 67
-21 41 29
-21 -41 32
-21 42 4
-21 -42 8
-21 43 1
-21 -43 1
-21 44 2
-21 5 57
-21 -5 60
-21 6 69
-21 -6 71
-21 7 55
-21 -7 61
-21 8 73
-21 -8 74
-21 9 73
-21 -9 68
-20 0 60
-20 1 76
-20 -1 62
-20 10 87
-20 -10 64
-20 11 68
-20 -11 62
-20 12 54
-20 -12 68
-20 13 64
-20 -13 66
-20 14 61
-20 -14 52
-20 15 66
-20 -15 65
-20 16 60
-20 -16 71
-20 17 69
-20 -17 78
-20 18 60
-20 -18 73
-20 19 67
-20 -19 60
-20 2 61
-20 -2 58
-20 20 56
-20 -20 61
-20 21 76
-20 -21 57
-20 22 78
-20 -22 71
-20 23 68
-20 -23 68
-20 24 63
-20 -24 71
-20 25 64
-20 -25 64
-20 26 71
-20 -26 82
-20 27 58
-20 -27 65
-20 28 69
-20 -28 57
-20 29 50
-20 -29 68
-20 3 67
-20 -3 67
-20 30 61
-20 -30 87
-20 31 57
-20 -31 67
-20 32 66
-20 -32 71
-20 33 69
-20 -33 64
-20 34 68
-20 -34 64
-20 35 76
-20 -35 59
-20 36 75
-20 -36 68
-20 37 68
-20 -37 58
-20 38 72
-20 -38 64
-20 39 63
-20 -39 59
-20 4 62
-20 -4 70
-20 40 64
-20 -40 60
-20 41 39
-20 -41 38
-20 42 11
-20 -42 5
-20 43 2
-20 -43 1
-20 5 75
-20 -5 57
-20 6 57
-20 -6 70
-20 7 69
-20 -7 70
-20 8 64
-20 -8 64
-20 9 68
-20 -9 78
-19 0 49
-19 1 54
-19 -1 60
-19 10 60
-19 -10 71
-19 11 63
-19 -11 70
-19 12 65
-19 -12 63
-19 13 62
-19 -13 72
-19 14 66
-19 -14 78
-19 15 57
-19 -15 70
-19 16 63
-19 -16 70
-19 17 70
-19 -17 74
-19 18 64
-19 -18 75
-19 19 66
-19 -19 68
-19 2 75
-19 -2 79
-19 20 65
-19 -20 75
-19 21 75
-19 -21 80
-19 22 59
-19 -22 73
-19 23 64
-19 -23 76
-19 24 71
-19 -24 73
-19 25 54
-19 -25 70
-19 26 69
-19 -26 55
-19 27 74
-19 -27 63
-19 28 75
-19 -28 53
-19 29 60
-19 -29 66
-19 3 70
-19 -3 53
-19 30 75
-19 -30 61
-19 31 66
-19 -31 74
-19 32 68
-19 -32 70
-19 33 58
-19 -33 74
-19 34 53
-19 -34 58
-19 35 85
-19 -35 68
-19 36 61
-19 -36 69
-19 37 71
-19 -37 76
-19 38 73
-19 -38 71
-19 39 61
-19 -39 65
-19 4 60
-19 -4 48
-19 40 62
-19 -40 68
-19 41 24
-19 -41 37
-19 42 11
-19 -42 5
-19 43 1
-19 -43 4
-19 44 1
-19 45 1
-19 5 65
-19 -5 75
-19 6 77
-19 -6 76
-19 7 63
-19 -7 69
-19 8 61
-19 -8 62
-19 9 65
-19 -9 60
-18 0 66
-18 1 75
-18 -1 52
-18 10 78
-18 -10 81
-18 11 64
-18 -11 62
-18 12 76
-18 -12 73
-18 13 56
-18 -13 77
-18 14 66
-18 -14 54
-18 15 74
-18 -15 67
-18 16 60
-18 -16 55
-18 17 63
-18 -17 65
-18 18 74
-18 -18 62
-18 19 77
-18 -19 71
-18 2 55
-18 -2 78
-18 20 58
-18 -20 66
-18 21 72
-18 -21 71
-18 22 75
-18 -22 74
-18 23 63
-18 -23 66
-18 24 68
-18 -24 63
-18 25 62
-18 -25 68
-18 26 80
-18 -26 78
-18 27 65
-18 -27 62
-18 28 89
-18 -28 65
-18 29 61
-18 -29 73
-18 3 72
-18 -3 52
-18 30 56
-18 -30 64
-18 31 72
-18 -31 68
-18 32 76
-18 -32 66
-18 33 63
-18 -33 64
-18 34 62
-18 -34 60
-18 35 73
-18 -35 52
-18 36 63
-18 -36 66
-18 37 66
-18 -37 56
-18 38 63
-18 -38 64
-18 39 68
-18 -39 77
-18 4 69
-18 -4 58
-18 40 73
-18 -40 77
-18 41 29
-18 -41 31
-18 42 12
-18 -42 7
-18 43 3
-18 -45 1
-18 -46 1
-18 5 65
-18 -5 67
-18 6 63
-18 -6 54
-18 7 55
-18 -7 67
-18 8 63
-18 -8 77
-18 9 66
-18 -9 60
-17 0 60
-17 1 46
-17 -1 67
-17 10 66
-17 -10 58
-17 11 65
-17 -11 61
-17 12 64
-17 -12 57
-17 13 54
-17 -13 57
-17 14 81
-17 -14 54
-17 15 73
-17 -15 66
-17 16 62
-17 -16 81
-17 17 67
-17 -17 60
-17 18 66
-17 -18 69
-17 19 74
-17 -19 64
-17 2 65
-17 -2 51
-17 20 80
-17 -20 66
-17 21 58
-17 -21 65
-17 22 58
-17 -22 67
-17 23 58
-17 -23 70
-17 24 66
-17 -24 72
-17 25 58
-17 -25 64
-17 26 56
-17 -26 68
-17 27 67
-17 -27 65
-17 28 59
-17 -28 63
-17 29 68
-17 -29 67
-17 3 73
-17 -3 65
-17 30 71
-17 -30 63
-17 31 71
-17 -31 75
-17 32 68
-17 -32 70
-17 33 71
-17 -33 66
-17 34 72
-17 -34 63
-17 35 68
-17 -35 75
-17 36 68
-17 -36 66
-17 37 56
-17 -37 62
-17 38 67
-17 -38 74
-17 39 59
-17 -39 74
-17 4 65
-17 -4 56
-17 40 58
-17 -40 65
-17 41 28
-17 -41 37
-17 42 9
-17 -42 3
-17 43 2
-17 45 1
-17 -47 1
-17 5 58
-17 -5 55
-17 6 61
-17 -6 59
-17 7 54
-17 -7 68
-17 8 54
-17 -8 63
-17 9 71
-17 -9 66
-16 0 54
-16 1 69
-16 -1 69
-16 10 80
-16 -10 51
-16 11 55
-16 -11 71
-16 12 58
-16 -12 68
-16 13 73
-16 -13 72
-16 14 49
-16 -14 64
-16 15 59
-16 -15 67
-16 16 62
-16 -16 61
-16 17 68
-16 -17 56
-16 18 52
-16 -18 58
-16 19 63
-16 -19 63
-16 2 70
-16 -2 67
-16 20 60
-16 -20 61
-16 21 56
-16 -21 69
-16 22 78
-16 -22 64
-16 23 59
-16 -23 64
-16 24 51
-16 -24 62
-16 25 74
-16 -25 73
-16 26 62
-16 -26 69
-16 27 73
-16 -27 66
-16 28 66
-16 -28 64
-16 29 63
-16 -29 51
-16 3 73
-16 -3 55
-16 30 71
-16 -30 78
-16 31 61
-16 -31 63
-16 32 68
-16 -32 59
-16 33 79
-16 -33 67
-16 34 61
-16 -34 60
-16 35 70
-16 -35 78
-16 36 62
-16 -36 71
-16 37 65
-16 -37 78
-16 38 62
-16 -38 66
-16 39 78
-16 -39 62
-16 4 53
-16 -4 43
-16 40 67
-16 -40 73
-16 41 31
-16 -41 36
-16 42 8
-16 43 2
-16 5 64
-16 -5 64
-16 6 62
-16 -6 60
-16 7 53
-16 -7 84
-16 8 71
-16 -8 57
-16 9 67
-16 -9 57
-15 0 54
-15 1 72
-15 -1 77
-15 10 63
-15 -10 51
-15 11 60
-15 -11 59
-15 12 53
-15 -12 70
-15 13 67
-15 -13 63
-15 14 68
-15 -14 59
-15 15 63
-15 -15 63
-15 16 58
-15 -16 75
-15 17 66
-15 -17 63
-15 18 58
-15 -18 59
-15 19 65
-15 -19 64
-15 2 68
-15 -2 61
-15 20 58
-15 -20 69
-15 21 70
-15 -21 71
-15 22 69
-15 -22 66
-15 23 74
-15 -23 76
-15 24 84
-15 -24 58
-15 25 57
-15 -25 58
-15 26 62
-15 -26 62
-15 27 69
-15 -27 80
-15 28 69
-15 -28 51
-15 29 54
-15 -29 62
-15 3 63
-15 -3 42
-15 30 72
-15 -30 61
-15 31 55
-15 -31 64
-15 32 66
-15 -32 74
-15 33 70
-15 -33 72
-15 34 64
-15 -34 53
-15 35 58
-15 -35 62
-15 36 64
-15 -36 54
-15 37 60
-15 -37 70
-15 38 61
-15 -38 70
-15 39 76
-15 -39 71
-15 4 61
-15 -4 65
-15 40 69
-15 -40 76
-15 41 35
-15 -41 40
-15 42 13
-15 -42 10
-15 -43 1
-15 5 72
-15 -5 66
-15 6 69
-15 -6 72
-15 7 63
-15 -7 65
-15 8 64
-15 -8 59
-15 9 67
-15 -9 66
-14 0 64
-14 1 68
-14 -1 73
-14 10 65
-14 -10 53
-14 11 62
-14 -11 55
-14 12 67
-14 -12 73
-14 13 62
-14 -13 67
-14 14 63
-14 -14 61
-14 15 63
-14 -15 66
-14 16 63
-14 -16 54
-14 17 58
-14 -17 53
-14 18 71
-14 -18 63
-14 19 76
-14 -19 50
-14 2 72
-14 -2 69
-14 20 64
-14 -20 70
-14 21 66
-14 -21 77
-14 22 69
-14 -22 47
-14 23 67
-14 -23 67
-14 24 62
-14 -24 64
-14 25 63
-14 -25 58
-14 26 65
-14 -26 59
-14 27 77
-14 -27 58
-14 28 62
-14 -28 61
-14 29 61
-14 -29 65
-14 3 66
-14 -3 72
-14 30 71
-14 -30 54
-14 31 67
-14 -31 63
-14 32 74
-14 -32 72
-14 33 68
-14 -33 70
-14 34 58
-14 -34 56
-14 35 61
-14 -35 68
-14 36 70
-14 -36 72
-14 37 63
-14 -37 70
-14 38 74
-14 -38 74
-14 39 62
-14 -39 70
-14 4 58
-14 -4 60
-14 40 72
-14 -40 70
-14 41 33
-14 -41 31
-14 42 9
-14 -42 7
-14 43 2
-14 -43 1
-14 -44 1
-14 5 64
-14 -5 59
-14 6 60
-14 -6 67
-14 7 65
-14 -7 55
-14 8 72
-14 -8 59
-14 9 62
-14 -9 65
-13 0 65
-13 1 49
-13 -1 58
-13 10 61
-13 -10 68
-13 11 55
-13 -11 57
-13 12 51
-13 -12 52
-13 13 74
-13 -13 70
-13 14 63
-13 -14 49
-13 15 53
-13 -15 63
-13 16 70
-13 -16 56
-13 17 72
-13 -17 53
-13 18 72
-13 -18 67
-13 19 60
-13 -19 62
-13 2 53
-13 -2 66
-13 20 77
-13 -20 55
-13 21 57
-13 -21 80
-13 22 63
-13 -22 66
-13 23 65
-13 -23 74
-13 24 63
-13 -24 66
-13 25 50
-13 -25 68
-13 26 63
-13 -26 54
-13 27 54
-13 -27 66
-13 28 72
-13 -28 59
-13 29 77
-13 -29 63
-13 3 60
-13 -3 69
-13 30 58
-13 -30 74
-13 31 69
-13 -31 71
-13 32 49
-13 -32 70
-13 33 68
-13 -33 59
-13 34 75
-13 -34 63
-13 35 68
-13 -35 68
-13 36 72
-13 -36 72
-13 37 70
-13 -37 56
-13 38 81
-13 -38 68
-13 39 63
-13 -39 68
-13 4 53
-13 -4 63
-13 40 57
-13 -40 58
-13 41 32
-13 -41 28
-13 42 7
-13 -42 5
-13 43 1
-13 -43 2
-13 44 1
-13 -44 1
-13 5 47
-13 -5 64
-13 6 68
-13 -6 64
-13 7 70
-13 -7 67
-13 8 62
-13 -8 49
-13 9 65
-13 -9 60
-12 0 51
-12 1 50
-12 -1 79
-12 10 57
-12 -10 76
-12 11 70
-12 -11 64
-12 12 61
-12 -12 58
-12 13 62
-12 -13 47
-12 14 57
-12 -14 71
-12 15 60
-12 -15 61
-12 16 64
-12 -16 59
-12 17 61
-12 -17 69
-12 18 54
-12 -18 65
-12 19 68
-12 -19 67
-12 2 48
-12 -2 59
-12 20 62
-12 -20 59
-12 21 73
-12 -21 62
-12 22 50
-12 -22 70
-12 23 57
-12 -23 73
-12 24 82
-12 -24 56
-12 25 56
-12 -25 65
-12 26 57
-12 -26 58
-12 27 68
-12 -27 74
-12 28 68
-12 -28 55
-12 29 64
-12 -29 56
-12 3 67
-12 -3 55
-12 30 72
-12 -30 58
-12 31 72
-12 -31 59
-12 32 65
-12 -32 64
-12 33 69
-12 -33 58
-12 34 56
-12 -34 67
-12 35 60
-12 -35 58
-12 36 69
-12 -36 62
-12 37 80
-12 -37 71
-12 38 56
-12 -38 63
-12 39 72
-12 -39 64
-12 4 64
-12 -4 49
-12 40 71
-12 -40 56
-12 41 23
-12 -41 34
-12 42 6
-12 -42 7
-12 43 1
-12 -43 4
-12 -46 1
-12 5 66
-12 -5 67
-12 6 59
-12 -6 70
-12 7 69
-12 -7 68
-12 8 44
-12 -8 60
-12 9 59
-12 -9 57
-11 0 40
-11 1 41
-11 -1 68
-11 10 69
-11 -10 54
-11 11 53
-11 -11 56
-11 12 63
-11 -12 71
-11 13 75
-11 -13 58
-11 14 65
-11 -14 53
-11 15 60
-11 -15 81
-11 16 55
-11 -16 66
-11 17 74
-11 -17 71
-11 18 63
-11 -18 70
-11 19 58
-11 -19 61
-11 2 71
-11 -2 72
-11 20 67
-11 -20 63
-11 21 56
-11 -21 62
-11 22 72
-11 -22 58
-11 23 60
-11 -23 73
-11 24 62
-11 -24 37
-11 25 70
-11 -25 77
-11 26 56
-11 -26 66
-11 27 66
-11 -27 61
-11 28 73
-11 -28 74
-11 29 78
-11 -29 62
-11 3 65
-11 -3 68
-11 30 72
-11 -30 70
-11 31 62
-11 -31 81
-11 32 57
-11 -32 77
-11 33 70
-11 -33 72
-11 34 73
-11 -34 55
-11 35 66
-11 -35 68
-11 36 77
-11 -36 73
-11 37 74
-11 -37 65
-11 38 67
-11 -38 70
-11 39 56
-11 -39 76
-11 4 56
-11 -4 61
-11 40 59
-11 -40 67
-11 41 34
-11 -41 28
-11 42 7
-11 -42 9
-11 43 2
-11 -43 1
-11 44 1
-11 -44 1
-11 5 74
-11 -5 58
-11 6 55
-11 -6 58
-11 7 69
-11 -7 55
-11 8 71
-11 -8 57
-11 9 61
-11 -9 54
-10 0 52
-10 1 59
-10 -1 63
-10 10 51
-10 -10 61
-10 11 53
-10 -11 73
-10 12 69
-10 -12 57
-10 13 70
-10 -13 65
-10 14 60
-10 -14 55
-10 15 73
-10 -15 63
-10 16 69
-10 -16 57
-10 17 60
-10 -17 74
-10 18 62
-10 -18 73
-10 19 64
-10 -19 71
-10 2 65
-10 -2 59
-10 20 55
-10 -20 66
-10 21 57
-10 -21 52
-10 22 62
-10 -22 66
-10 23 72
-10 -23 62
-10 24 62
-10 -24 66
-10 25 67
-10 -25 58
-10 26 77
-10 -26 66
-10 27 60
-10 -27 55
-10 28 74
-10 -28 66
-10 29 62
-10 -29 71
-10 3 70
-10 -3 68
-10 30 52
-10 -30 71
-10 31 74
-10 -31 62
-10 32 68
-10 -32 63
-10 33 61
-10 -33 73
-10 34 67
-10 -34 69
-10 35 69
-10 -35 76
-10 36 63
-10 -36 74
-10 37 61
-10 -37 54
-10 38 67
-10 -38 66
-10 39 72
-10 -39 65
-10 4 65
-10 -4 66
-10 40 71
-10 -40 57
-10 41 38
-10 -41 27
-10 42 10
-10 -42 9
-10 43 1
-10 -43 3
-10 5 69
-10 -5 56
-10 6 55
-10 -6 57
-10 7 46
-10 -7 59
-10 8 47
-10 -8 56
-10 9 51
-10 -9 74
-9 0 54
-9 1 64
-9 -1 63
-9 10 56
-9 -10 77
-9 11 56
-9 -11 64
-9 12 58
-9 -12 64
-9 13 66
-9 -13 49
-9 14 82
-9 -14 72
-9 15 58
-9 -15 61
-9 16 56
-9 -16 50
-9 17 66
-9 -17 59
-9 18 71
-9 -18 59
-9 19 58
-9 -19 64
-9 2 62
-9 -2 48
-9 20 83
-9 -20 58
-9 21 64
-9 -21 61
-9 22 66
-9 -22 69
-9 23 65
-9 -23 63
-9 24 57
-9 -24 68
-9 25 63
-9 -25 60
-9 26 77
-9 -26 41
-9 27 57
-9 -27 67
-9 28 57
-9 -28 80
-9 29 52
-9 -29 69
-9 3 58
-9 -3 68
-9 30 64
-9 -30 67
-9 31 74
-9 -31 60
-9 32 74
-9 -32 75
-9 33 61
-9 -33 67
-9 34 58
-9 -34 71
-9 35 62
-9 -35 73
-9 36 68
-9 -36 67
-9 37 55
-9 -37 70
-9 38 54
-9 -38 55
-9 39 46
-9 -39 67
-9 4 57
-9 -4 54
-9 40 68
-9 -40 65
-9 41 37
-9 -41 39
-9 42 5
-9 -42 7
-9 43 1
-9 -43 1
-9 44 1
-9 45 1
-9 5 70
-9 -5 47
-9 6 48
-9 -6 61
-9 7 59
-9 -7 50
-9 8 63
-9 -8 62
-9 9 47
-9 -9 66
-8 0 70
-8 1 64
-8 -1 58
-8 10 69
-8 -10 63
-8 11 59
-8 -11 52
-8 12 90
-8 -12 55
-8 13 55
-8 -13 71
-8 14 57
-8 -14 68
-8 15 70
-8 -15 73
-8 16 59
-8 -16 70
-8 17 79
-8 -17 64
-8 18 66
-8 -18 70
-8 19 71
-8 -19 60
-8 2 67
-8 -2 63
-8 20 64
-8 -20 64
-8 21 72
-8 -21 56
-8 22 50
-8 -22 51
-8 23 74
-8 -23 69
-8 24 60
-8 -24 53
-8 25 71
-8 -25 53
-8 26 66
-8 -26 62
-8 27 61
-8 -27 60
-8 28 72
-8 -28 78
-8 29 57
-8 -29 66
-8 3 66
-8 -3 60
-8 30 74
-8 -30 66
-8 31 63
-8 -31 60
-8 32 61
-8 -32 57
-8 33 59
-8 -33 53
-8 34 59
-8 -34 71
-8 35 63
-8 -35 68
-8 36 67
-8 -36 65
-8 37 59
-8 -37 52
-8 38 72
-8 -38 73
-8 39 57
-8 -39 58
-8 4 67
-8 -4 57
-8 40 73
-8 -40 65
-8 41 30
-8 -41 36
-8 42 5
-8 -42 4
-8 -44 1
-8 45 1
-8 -46 1
-8 5 76
-8 -5 65
-8 6 55
-8 -6 56
-8 7 52
-8 -7 60
-8 8 51
-8 -8 71
-8 9 53
-8 -9 60
-7 0 60
-7 1 60
-7 -1 62
-7 10 52
-7 -10 60
-7 11 56
-7 -11 61
-7 12 52
-7 -12 54
-7 13 54
-7 -13 70
-7 14 76
-7 -14 60
-7 15 49
-7 -15 56
-7 16 78
-7 -16 62
-7 17 71
-7 -17 50
-7 18 67
-7 -18 71
-7 19 60
-7 -19 62
-7 2 50
-7 -2 64
-7 20 70
-7 -20 65
-7 21 71
-7 -21 67
-7 22 71
-7 -22 75
-7 23 71
-7 -23 71
-7 24 67
-7 -24 68
-7 25 61
-7 -25 72
-7 26 67
-7 -26 71
-7 27 66
-7 -27 68
-7 28 68
-7 -28 51
-7 29 72
-7 -29 69
-7 3 62
-7 -3 63
-7 30 60
-7 -30 58
-7 31 69
-7 -31 67
-7 32 75
-7 -32 53
-7 33 63
-7 -33 68
-7 34 55
-7 -34 68
-7 35 57
-7 -35 57
-7 36 55
-7 -36 70
-7 37 71
-7 -37 66
-7 38 67
-7 -38 67
-7 39 65
-7 -39 76
-7 4 49
-7 -4 55
-7 40 69
-7 -40 69
-7 41 42
-7 -41 42
-7 42 6
-7 -42 10
-7 43 2
-7 5 55
-7 -5 53
-7 6 63
-7 -6 65
-7 7 79
-7 -7 46
-7 8 59
-7 -8 64
-7 9 55
-7 -9 63
-6 0 64
-6 1 52
-6 -1 64
-6 10 56
-6 -10 58
-6 11 65
-6 -11 56
-6 12 70
-6 -12 71
-6 13 62
-6 -13 68
-6 14 41
-6 -14 71
-6 15 70
-6 -15 68
-6 16 76
-6 -16 62
-6 17 62
-6 -17 56
-6 18 73
-6 -18 62
-6 19 68
-6 -19 72
-6 2 45
-6 -2 74
-6 20 55
-6 -20 68
-6 21 69
-6 -21 53
-6 22 66
-6 -22 80
-6 23 73
-6 -23 65
-6 24 61
-6 -24 54
-6 25 66
-6 -25 69
-6 26 58
-6 -26 66
-6 27 58
-6 -27 51
-6 28 68
-6 -28 69
-6 29 68
-6 -29 64
-6 3 70
-6 -3 64
-6 30 71
-6 -30 73
-6 31 69
-6 -31 68
-6 32 76
-6 -32 73
-6 33 74
-6 -33 69
-6 34 67
-6 -34 65
-6 35 69
-6 -35 71
-6 36 68
-6 -36 66
-6 37 65
-6 -37 64
-6 38 75
-6 -38 55
-6 39 65
-6 -39 78
-6 4 75
-6 -4 51
-6 40 75
-6 -40 78
-6 41 27
-6 -41 34
-6 42 6
-6 -42 7
-6 43 3
-6 -43 1
-6 44 1
-6 -45 1
-6 5 71
-6 -5 56
-6 6 55
-6 -6 62
-6 7 53
-6 -7 59
-6 8 62
-6 -8 62
-6 9 65
-6 -9 55
-5 0 75
-5 1 62
-5 -1 57
-5 10 54
-5 -10 52
-5 11 50
-5 -11 72
-5 12 65
-5 -12 58
-5 13 57
-5 -13 62
-5 14 66
-5 -14 62
-5 15 62
-5 -15 62
-5 16 55
-5 -16 69
-5 17 69
-5 -17 69
-5 18 67
-5 -18 55
-5 19 63
-5 -19 101
-5 2 58
-5 -2 52
-5 20 70
-5 -20 77
-5 21 60
-5 -21 64
-5 22 54
-5 -22 67
-5 23 71
-5 -23 75
-5 24 57
-5 -24 70
-5 25 73
-5 -25 63
-5 26 65
-5 -26 76
-5 27 64
-5 -27 74
-5 28 70
-5 -28 68
-5 29 55
-5 -29 60
-5 3 59
-5 -3 53
-5 30 64
-5 -30 72
-5 31 80
-5 -31 68
-5 32 63
-5 -32 56
-5 33 49
-5 -33 62
-5 34 61
-5 -34 62
-5 35 62
-5 -35 55
-5 36 61
-5 -36 69
-5 37 73
-5 -37 55
-5 38 57
-5 -38 61
-5 39 59
-5 -39 64
-5 4 58
-5 -4 65
-5 40 94
-5 -40 60
-5 41 30
-5 -41 34
-5 42 13
-5 -42 5
-5 43 3
-5 -43 3
-5 44 1
-5 5 64
-5 -5 50
-5 6 46
-5 -6 65
-5 7 48
-5 -7 64
-5 8 53
-5 -8 56
-5 9 57
-5 -9 65
-4 0 70
-4 1 57
-4 -1 65
-4 10 54
-4 -10 62
-4 11 57
-4 -11 59
-4 12 59
-4 -12 53
-4 13 64
-4 -13 61
-4 14 61
-4 -14 74
-4 15 62
-4 -15 51
-4 16 64
-4 -16 68
-4 17 70
-4 -17 67
-4 18 59
-4 -18 58
-4 19 60
-4 -19 46
-4 2 68
-4 -2 64
-4 20 65
-4 -20 57
-4 21 76
-4 -21 65
-4 22 63
-4 -22 72
-4 23 83
-4 -23 61
-4 24 75
-4 -24 70
-4 25 57
-4 -25 56
-4 26 65
-4 -26 66
-4 27 66
-4 -27 54
-4 28 63
-4 -28 60
-4 29 78
-4 -29 75
-4 3 73
-4 -3 72
-4 30 62
-4 -30 72
-4 31 52
-4 -31 64
-4 32 56
-4 -32 56
-4 33 70
-4 -33 55
-4 34 64
-4 -34 66
-4 35 62
-4 -35 57
-4 36 56
-4 -36 66
-4 37 65
-4 -37 71
-4 38 54
-4 -38 65
-4 39 60
-4 -39 56
-4 4 62
-4 -4 58
-4 40 65
-4 -40 74
-4 41 42
-4 -41 35
-4 42 7
-4 -42 11
-4 43 1
-4 -43 1
-4 44 1
-4 5 59
-4 -5 61
-4 6 53
-4 -6 68
-4 7 61
-4 -7 49
-4 8 61
-4 -8 69
-4 9 60
-4 -9 63
-3 0 46
-3 1 57
-3 -1 63
-3 10 48
-3 -10 56
-3 11 67
-3 -11 68
-3 12 59
-3 -12 53
-3 13 68
-3 -13 61
-3 14 59
-3 -14 64
-3 15 48
-3 -15 62
-3 16 68
-3 -16 56
-3 17 50
-3 -17 53
-3 18 71
-3 -18 50
-3 19 73
-3 -19 61
-3 2 69
-3 -2 55
-3 20 59
-3 -20 68
-3 21 57
-3 -21 72
-3 22 64
-3 -22 61
-3 23 62
-3 -23 58
-3 24 76
-3 -24 62
-3 25 76
-3 -25 55
-3 26 68
-3 -26 61
-3 27 73
-3 -27 60
-3 28 74
-3 -28 74
-3 29 62
-3 -29 62
-3 3 56
-3 -3 67
-3 30 65
-3 -30 73
-3 31 51
-3 -31 54
-3 32 61
-3 -32 65
-3 33 59
-3 -33 65
-3 34 64
-3 -34 68
-3 35 65
-3 -35 65
-3 36 59
-3 -36 58
-3 37 58
-3 -37 68
-3 38 58
-3 -38 66
-3 39 67
-3 -39 57
-3 4 54
-3 -4 54
-3 40 65
-3 -40 76
-3 41 27
-3 -41 32
-3 42 5
-3 -42 10
-3 43 1
-3 -43 1
-3 44 1
-3 -44 1
-3 5 49
-3 -5 65
-3 6 58
-3 -6 64
-3 7 71
-3 -7 64
-3 8 67
-3 -8 59
-3 9 49
-3 -9 61
-2 0 71
-2 1 65
-2 -1 48
-2 10 53
-2 -10 61
-2 11 57
-2 -11 55
-2 12 49
-2 -12 59
-2 13 54
-2 -13 55
-2 14 63
-2 -14 71
-2 15 63
-2 -15 55
-2 16 59
-2 -16 56
-2 17 47
-2 -17 68
-2 18 58
-2 -18 58
-2 19 59
-2 -19 61
-2 2 66
-2 -2 51
-2 20 54
-2 -20 72
-2 21 62
-2 -21 62
-2 22 74
-2 -22 66
-2 23 68
-2 -23 68
-2 24 51
-2 -24 68
-2 25 62
-2 -25 58
-2 26 72
-2 -26 52
-2 27 61
-2 -27 61
-2 28 63
-2 -28 69
-2 29 69
-2 -29 66
-2 3 47
-2 -3 57
-2 30 57
-2 -30 61
-2 31 49
-2 -31 69
-2 32 72
-2 -32 68
-2 33 62
-2 -33 61
-2 34 62
-2 -34 59
-2 35 69
-2 -35 73
-2 36 78
-2 -36 58
-2 37 62
-2 -37 63
-2 38 62
-2 -38 84
-2 39 63
-2 -39 73
-2 4 53
-2 -4 65
-2 40 64
-2 -40 79
-2 41 29
-2 -41 37
-2 42 10
-2 -42 7
-2 43 2
-2 5 67
-2 -5 63
-2 6 60
-2 -6 69
-2 7 60
-2 -7 60
-2 8 58
-2 -8 46
-2 9 64
-2 -9 53
-1 0 54
-1 1 58
-1 -1 52
-1 10 48
-1 -10 63
-1 11 51
-1 -11 72
-1 12 58
-1 -12 56
-1 13 58
-1 -13 54
-1 14 61
-1 -14 63
-1 15 51
-1 -15 62
-1 16 64
-1 -16 64
-1 17 63
-1 -17 64
-1 18 63
-1 -18 67
-1 19 63
-1 -19 66
-1 2 52
-1 -2 60
-1 20 74
-1 -20 70
-1 21 61
-1 -21 65
-1 22 73
-1 -22 81
-1 23 65
-1 -23 62
-1 24 63
-1 -24 59
-1 25 74
-1 -25 76
-1 26 59
-1 -26 78
-1 27 73
-1 -27 74
-1 28 60
-1 -28 59
-1 29 63
-1 -29 77
-1 3 79
-1 -3 62
-1 30 65
-1 -30 65
-1 31 65
-1 -31 70
-1 32 68
-1 -32 68
-1 33 69
-1 -33 69
-1 34 62
-1 -34 69
-1 35 69
-1 -35 79
-1 36 74
-1 -36 70
-1 37 75
-1 -37 58
-1 38 65
-1 -38 69
-1 39 47
-1 -39 72
-1 4 51
-1 -4 56
-1 40 57
-1 -40 64
-1 41 35
-1 -41 33
-1 42 9
-1 -42 9
-1 43 1
-1 -43 1
-1 5 62
-1 -5 67
-1 6 66
-1 -6 62
-1 7 64
-1 -7 51
-1 8 56
-1 -8 69
-1 9 63
-1 -9 67
0 0 63
0 1 47
0 -1 52
0 10 66
0 -10 65
0 11 59
0 -11 67
0 12 51
0 -12 59
0 13 67
0 -13 63
0 14 51
0 -14 62
0 15 64
0 -15 65
0 16 60
0 -16 57
0 17 61
0 -17 68
0 18 69
0 -18 63
0 19 57
0 -19 52
0 2 76
0 -2 55
0 20 61
0 -20 55
0 21 59
0 -21 51
0 22 68
0 -22 54
0 23 74
0 -23 64
0 24 72
0 -24 64
0 25 67
0 -25 58
0 26 65
0 -26 71
0 27 50
0 -27 51
0 28 56
0 -28 60
0 29 57
0 -29 52
0 3 58
0 -3 58
0 30 57
0 -30 59
0 31 63
0 -31 65
0 32 65
0 -32 51
0 33 73
0 -33 64
0 34 61
0 -34 78
0 35 69
0 -35 51
0 36 70
0 -36 64
0 37 69
0 -37 63
0 38 61
0 -38 68
0 39 68
0 -39 55
0 4 71
0 -4 59
0 40 76
0 -40 68
0 41 32
0 -41 31
0 42 5
0 -42 7
0 43 2
0 5 47
0 -5 44
0 6 53
0 -6 53
0 7 59
0 -7 59
0 8 65
0 -8 67
0 9 44
0 -9 49
1 0 62
1 1 48
1 -1 61
1 10 60
1 -10 59
1 11 61
1 -11 59
1 12 63
1 -12 64
1 13 62
1 -13 69
1 14 62
1 -14 59
1 15 50
1 -15 59
1 16 70
1 -16 76
1 17 60
1 -17 60
1 18 67
1 -18 50
1 19 67
1 -19 72
1 2 61
1 -2 60
1 20 60
1 -20 62
1 21 73
1 -21 56
1 22 70
1 -22 54
1 23 62
1 -23 64
1 24 75
1 -24 74
1 25 69
1 -25 56
1 26 69
1 -26 63
1 27 60
1 -27 62
1 28 56
1 -28 58
1 29 69
1 -29 67
1 3 62
1 -3 58
1 30 71
1 -30 57
1 31 69
1 -31 58
1 32 67
1 -32 88
1 33 57
1 -33 76
1 34 79
1 -34 76
1 35 63
1 -35 68
1 36 71
1 -36 83
1 37 62
1 -37 71
1 38 61
1 -38 66
1 39 60
1 -39 71
1 4 57
1 -4 52
1 40 74
1 -40 69
1 41 37
1 -41 22
1 42 6
1 -42 8
1 43 1
1 -43 1
1 -44 1
1 5 57
1 -5 66
1 6 54
1 -6 49
1 7 53
1 -7 66
1 8 53
1 -8 62
1 9 56
1 -9 57
2 0 74
2 1 60
2 -1 77
2 10 68
2 -10 57
2 11 62
2 -11 62
2 12 55
2 -12 63
2 13 64
2 -13 57
2 14 52
2 -14 72
2 15 64
2 -15 49
2 16 63
2 -16 62
2 17 64
2 -17 63
2 18 50
2 -18 83
2 19 57
2 -19 61
2 2 61
2 -2 54
2 20 70
2 -20 65
2 21 82
2 -21 69
2 22 58
2 -22 76
2 23 81
2 -23 69
2 24 82
2 -24 59
2 25 71
2 -25 71
2 26 59
2 -26 70
2 27 73
2 -27 71
2 28 50
2 -28 64
2 29 73
2 -29 67
2 3 55
2 -3 65
2 30 73
2 -30 72
2 31 58
2 -31 64
2 32 71
2 -32 49
2 33 68
2 -33 65
2 34 73
2 -34 77
2 35 68
2 -35 47
2 36 68
2 -36 64
2 37 66
2 -37 62
2 38 62
2 -38 63
2 39 74
2 -39 53
2 4 52
2 -4 66
2 40 71
2 -40 76
2 41 25
2 -41 35
2 42 8
2 -42 6
2 -43 1
2 5 52
2 -5 47
2 6 76
2 -6 67
2 7 63
2 -7 46
2 8 61
2 -8 51
2 9 51
2 -9 55
3 0 56
3 1 60
3 -1 53
3 10 51
3 -10 66
3 11 67
3 -11 61
3 12 59
3 -12 63
3 13 77
3 -13 56
3 14 61
3 -14 58
3 15 57
3 -15 61
3 16 60
3 -16 61
3 17 70
3 -17 66
3 18 61
3 -18 64
3 19 59
3 -19 69
3 2 77
3 -2 61
3 20 59
3 -20 68
3 21 63
3 -21 61
3 22 64
3 -22 53
3 23 60
3 -23 68
3 24 69
3 -24 60
3 25 61
3 -25 76
3 26 73
3 -26 66
3 27 68
3 -27 83
3 28 63
3 -28 60
3 29 58
3 -29 57
3 3 48
3 -3 58
3 30 63
3 -30 77
3 31 67
3 -31 73
3 32 55
3 -32 63
3 33 68
3 -33 63
3 34 65
3 -34 62
3 35 70
3 -35 65
3 36 60
3 -36 55
3 37 72
3 -37 69
3 38 64
3 -38 77
3 39 70
3 -39 64
3 4 58
3 -4 59
3 40 71
3 -40 70
3 41 38
3 -41 34
3 42 6
3 -42 5
3 -43 1
3 45 2
3 -45 1
3 5 46
3 -5 73
3 6 67
3 -6 69
3 7 63
3 -7 59
3 8 65
3 -8 47
3 9 54
3 -9 60
4 0 62
4 1 56
4 -1 63
4 10 52
4 -10 55
4 11 51
4 -11 58
4 12 56
4 -12 47
4 13 60
4 -13 64
4 14 71
4 -14 61
4 15 73
4 -15 58
4 16 59
4 -16 66
4 17 63
4 -17 64
4 18 61
4 -18 51
4 19 67
4 -19 69
4 2 51
4 -2 59
4 20 66
4 -20 66
4 21 73
4 -21 69
4 22 78
4 -22 63
4 23 70
4 -23 72
4 24 68
4 -24 71
4 25 65
4 -25 65
4 26 66
4 -26 73
4 27 69
4 -27 59
4 28 57
4 -28 75
4 29 70
4 -29 58
4 3 55
4 -3 58
4 30 68
4 -30 59
4 31 87
4 -31 50
4 32 65
4 -32 67
4 33 59
4 -33 67
4 34 60
4 -34 61
4 35 70
4 -35 64
4 36 65
4 -36 71
4 37 76
4 -37 74
4 38 70
4 -38 59
4 39 57
4 -39 75
4 4 50
4 -4 56
4 40 58
4 -40 60
4 41 33
4 -41 35
4 42 8
4 -42 9
4 43 2
4 -43 2
4 44 1
4 5 55
4 -5 62
4 6 66
4 -6 57
4 7 66
4 -7 62
4 8 56
4 -8 56
4 9 72
4 -9 65
5 0 52
5 1 68
5 -1 50
5 10 59
5 -10 68
5 11 58
5 -11 56
5 12 63
5 -12 50
5 13 64
5 -13 60
5 14 54
5 -14 59
5 15 70
5 -15 55
5 16 68
5 -16 70
5 17 76
5 -17 70
5 18 55
5 -18 73
5 19 56
5 -19 82
5 2 56
5 -2 69
5 20 51
5 -20 62
5 21 57
5 -21 64
5 22 62
5 -22 74
5 23 60
5 -23 56
5 24 55
5 -24 63
5 25 63
5 -25 57
5 26 68
5 -26 68
5 27 77
5 -27 77
5 28 65
5 -28 51
5 29 75
5 -29 60
5 3 55
5 -3 61
5 30 73
5 -30 59
5 31 82
5 -31 83
5 32 66
5 -32 70
5 33 63
5 -33 54
5 34 70
5 -34 67
5 35 68
5 -35 65
5 36 72
5 -36 67
5 37 66
5 -37 53
5 38 71
5 -38 82
5 39 79
5 -39 74
5 4 72
5 -4 71
5 40 64
5 -40 73
5 41 29
5 -41 17
5 42 4
5 -42 10
5 43 2
5 -43 3
5 44 1
5 -44 1
5 5 55
5 -5 49
5 6 57
5 -6 63
5 7 63
5 -7 62
5 8 61
5 -8 54
5 9 68
5 -9 57
6 0 58
6 1 68
6 -1 61
6 10 76
6 -10 66
6 11 65
6 -11 60
6 12 65
6 -12 57
6 13 58
6 -13 61
6 14 60
6 -14 59
6 15 61
6 -15 61
6 16 66
6 -16 70
6 17 46
6 -17 46
6 18 68
6 -18 55
6 19 69
6 -19 78
6 2 60
6 -2 58
6 20 63
6 -20 53
6 21 64
6 -21 66
6 22 64
6 -22 75
6 23 60
6 -23 55
6 24 66
6 -24 62
6 25 58
6 -25 62
6 26 73
6 -26 67
6 27 60
6 -27 72
6 28 65
6 -28 66
6 29 68
6 -29 66
6 3 55
6 -3 61
6 30 81
6 -30 47
6 31 70
6 -31 63
6 32 80
6 -32 66
6 33 65
6 -33 70
6 34 56
6 -34 68
6 35 78
6 -35 59
6 36 76
6 -36 77
6 37 64
6 -37 71
6 38 73
6 -38 74
6 39 62
6 -39 64
6 4 59
6 -4 55
6 40 78
6 -40 69
6 41 32
6 -41 31
6 42 8
6 -42 6
6 43 3
6 -45 1
6 5 62
6 -5 73
6 6 51
6 -6 57
6 7 62
6 -7 53
6 8 54
6 -8 61
6 9 57
6 -9 57
7 0 66
7 1 53
7 -1 72
7 10 52
7 -10 52
7 11 62
7 -11 65
7 12 49
7 -12 65
7 13 75
7 -13 60
7 14 61
7 -14 49
7 15 59
7 -15 65
7 16 49
7 -16 55
7 17 73
7 -17 66
7 18 60
7 -18 56
7 19 56
7 -19 65
7 2 63
7 -2 64
7 20 53
7 -20 69
7 21 73
7 -21 61
7 22 58
7 -22 74
7 23 71
7 -23 69
7 24 60
7 -24 62
7 25 73
7 -25 66
7 26 66
7 -26 52
7 27 71
7 -27 65
7 28 67
7 -28 73
7 29 62
7 -29 74
7 3 66
7 -3 52
7 30 80
7 -30 57
7 31 77
7 -31 77
7 32 64
7 -32 70
7 33 76
7 -33 74
7 34 69
7 -34 69
7 35 60
7 -35 59
7 36 67
7 -36 72
7 37 64
7 -37 63
7 38 67
7 -38 86
7 39 64
7 -39 64
7 4 49
7 -4 61
7 40 74
7 -40 62
7 41 23
7 -41 39
7 42 10
7 -42 9
7 -43 3
7 5 60
7 -5 55
7 6 68
7 -6 74
7 7 56
7 -7 48
7 8 64
7 -8 50
7 9 48
7 -9 57
8 0 61
8 1 59
8 -1 58
8 10 64
8 -10 67
8 11 54
8 -11 57
8 12 72
8 -12 60
8 13 64
8 -13 77
8 14 54
8 -14 61
8 15 52
8 -15 67
8 16 55
8 -16 65
8 17 56
8 -17 62
8 18 64
8 -18 57
8 19 61
8 -19 48
8 2 49
8 -2 52
8 20 47
8 -20 64
8 21 61
8 -21 73
8 22 77
8 -22 64
8 23 65
8 -23 66
8 24 62
8 -24 67
8 25 75
8 -25 61
8 26 83
8 -26 58
8 27 64
8 -27 57
8 28 67
8 -28 68
8 29 63
8 -29 60
8 3 67
8 -3 53
8 30 66
8 -30 71
8 31 66
8 -31 63
8 32 62
8 -32 71
8 33 69
8 -33 73
8 34 62
8 -34 56
8 35 56
8 -35 65
8 36 82
8 -36 65
8 37 68
8 -37 57
8 38 61
8 -38 73
8 39 61
8 -39 66
8 4 59
8 -4 51
8 40 73
8 -40 66
8 41 32
8 -41 50
8 42 6
8 -42 10
8 43 1
8 -43 2
8 5 44
8 -5 67
8 6 64
8 -6 54
8 7 71
8 -7 56
8 8 58
8 -8 56
8 9 54
8 -9 61
9 0 56
9 1 59
9 -1 67
9 10 61
9 -10 67
9 11 64
9 -11 71
9 12 68
9 -12 56
9 13 70
9 -13 51
9 14 68
9 -14 82
9 15 64
9 -15 76
9 16 55
9 -16 54
9 17 57
9 -17 69
9 18 57
9 -18 67
9 19 67
9 -19 66
9 2 63
9 -2 52
9 20 51
9 -20 66
9 21 57
9 -21 81
9 22 62
9 -22 66
9 23 66
9 -23 61
9 24 83
9 -24 62
9 25 70
9 -25 76
9 26 60
9 -26 71
9 27 63
9 -27 61
9 28 64
9 -28 54
9 29 68
9 -29 69
9 3 71
9 -3 55
9 30 82
9 -30 67
9 31 62
9 -31 53
9 32 61
9 -32 59
9 33 76
9 -33 69
9 34 74
9 -34 70
9 35 62
9 -35 61
9 36 67
9 -36 67
9 37 62
9 -37 72
9 38 77
9 -38 63
9 39 79
9 -39 65
9 4 53
9 -4 62
9 40 73
9 -40 69
9 41 39
9 -41 38
9 42 6
9 -42 9
9 -43 2
9 -44 1
9 5 68
9 -5 71
9 6 50
9 -6 56
9 7 65
9 -7 54
9 8 62
9 -8 64
9 9 67
9 -9 63
10 0 52
10 1 53
10 -1 51
10 10 66
10 -10 58
10 11 52
10 -11 83
10 12 59
10 -12 65
10 13 65
10 -13 72
10 14 68
10 -14 50
10 15 61
10 -15 60
10 16 69
10 -16 56
10 17 60
10 -17 67
10 18 51
10 -18 67
10 19 76
10 -19 63
10 2 54
10 -2 57
10 20 61
10 -20 77
10 21 62
10 -21 54
10 22 59
10 -22 61
10 23 66
10 -23 66
10 24 60
10 -24 55
10 25 63
10 -25 65
10 26 66
10 -26 59
10 27 72
10 -27 54
10 28 76
10 -28 68
10 29 74
10 -29 72
10 3 59
10 -3 58
10 30 71
10 -30 75
10 31 74
10 -31 65
10 32 73
10 -32 62
10 33 75
10 -33 83
10 34 63
10 -34 64
10 35 58
10 -35 80
10 36 69
10 -36 66
10 37 63
10 -37 56
10 38 64
10 -38 73
10 39 71
10 -39 68
10 4 70
10 -4 62
10 40 62
10 -40 64
10 41 27
10 -41 39
10 42 4
10 -42 7
10 -43 3
10 5 72
10 -5 61
10 6 75
10 -6 74
10 7 64
10 -7 72
10 8 54
10 -8 51
10 9 50
10 -9 51
11 0 51
11 1 58
11 -1 64
11 10 52
11 -10 57
11 11 67
11 -11 58
11 12 59
11 -12 52
11 13 57
11 -13 60
11 14 66
11 -14 55
11 15 69
11 -15 55
11 16 50
11 -16 69
11 17 52
11 -17 66
11 18 71
11 -18 66
11 19 64
11 -19 74
11 2 70
11 -2 70
11 20 54
11 -20 53
11 21 67
11 -21 70
11 22 63
11 -22 56
11 23 60
11 -23 58
11 24 49
11 -24 73
11 25 80
11 -25 62
11 26 60
11 -26 63
11 27 62
11 -27 56
11 28 68
11 -28 76
11 29 78
11 -29 54
11 3 54
11 -3 55
11 30 56
11 -30 70
11 31 72
11 -31 65
11 32 62
11 -32 53
11 33 65
11 -33 56
11 34 57
11 -34 63
11 35 57
11 -35 72
11 36 67
11 -36 68
11 37 66
11 -37 70
11 38 65
11 -38 65
11 39 65
11 -39 67
11 4 53
11 -4 59
11 40 71
11 -40 61
11 41 30
11 -41 32
11 42 6
11 -42 8
11 43 3
11 -43 1
11 5 64
11 -5 61
11 6 57
11 -6 76
11 7 66
11 -7 60
11 8 71
11 -8 66
11 9 64
11 -9 64
12 0 70
12 1 54
12 -1 55
12 10 63
12 -10 55
12 11 70
12 -11 52
12 12 52
12 -12 70
12 13 57
12 -13 63
12 14 58
12 -14 54
12 15 50
12 -15 66
12 16 63
12 -16 61
12 17 76
12 -17 59
12 18 65
12 -18 61
12 19 77
12 -19 61
12 2 61
12 -2 66
12 20 65
12 -20 78
12 21 70
12 -21 70
12 22 62
12 -22 63
12 23 78
12 -23 58
12 24 62
12 -24 65
12 25 73
12 -25 62
12 26 83
12 -26 75
12 27 63
12 -27 66
12 28 54
12 -28 59
12 29 64
12 -29 60
12 3 53
12 -3 64
12 30 95
12 -30 74
12 31 66
12 -31 65
12 32 64
12 -32 65
12 33 81
12 -33 60
12 34 59
12 -34 58
12 35 68
12 -35 74
12 36 65
12 -36 67
12 37 71
12 -37 65
12 38 67
12 -38 63
12 39 83
12 -39 64
12 4 56
12 -4 64
12 40 70
12 -40 69
12 41 26
12 -41 36
12 42 6
12 -42 4
12 43 2
12 -43 3
12 -44 1
12 5 64
12 -5 71
12 6 56
12 -6 64
12 7 58
12 -7 56
12 8 65
12 -8 54
12 9 66
12 -9 57
13 0 55
13 1 55
13 -1 60
13 10 64
13 -10 61
13 11 67
13 -11 69
13 12 66
13 -12 56
13 13 70
13 -13 72
13 14 59
13 -14 43
13 15 64
13 -15 58
13 16 74
13 -16 48
13 17 60
13 -17 56
13 18 69
13 -18 60
13 19 53
13 -19 62
13 2 66
13 -2 67
13 20 63
13 -20 72
13 21 62
13 -21 62
13 22 66
13 -22 64
13 23 51
13 -23 66
13 24 60
13 -24 47
13 25 68
13 -25 69
13 26 69
13 -26 50
13 27 76
13 -27 64
13 28 62
13 -28 64
13 29 64
13 -29 66
13 3 71
13 -3 66
13 30 65
13 -30 71
13 31 59
13 -31 55
13 32 75
13 -32 69
13 33 68
13 -33 62
13 34 70
13 -34 53
13 35 57
13 -35 56
13 36 66
13 -36 76
13 37 57
13 -37 68
13 38 54
13 -38 65
13 39 72
13 -39 70
13 4 61
13 -4 45
13 40 55
13 -40 69
13 41 31
13 -41 39
13 42 10
13 -42 6
13 43 1
13 -43 1
13 5 60
13 -5 54
13 6 65
13 -6 61
13 7 50
13 -7 75
13 8 61
13 -8 64
13 9 68
13 -9 55
14 0 57
14 1 63
14 -1 55
14 10 57
14 -10 68
14 11 55
14 -11 53
14 12 59
14 -12 70
14 13 57
14 -13 76
14 14 55
14 -14 74
14 15 67
14 -15 77
14 16 60
14 -16 58
14 17 60
14 -17 69
14 18 69
14 -18 65
14 19 65
14 -19 67
14 2 66
14 -2 62
14 20 71
14 -20 66
14 21 71
14 -21 66
14 22 62
14 -22 53
14 23 67
14 -23 69
14 24 70
14 -24 73
14 25 61
14 -25 65
14 26 55
14 -26 65
14 27 59
14 -27 58
14 28 68
14 -28 66
14 29 63
14 -29 79
14 3 61
14 -3 48
14 30 69
14 -30 48
14 31 59
14 -31 70
14 32 63
14 -32 64
14 33 64
14 -33 70
14 34 81
14 -34 66
14 35 64
14 -35 59
14 36 73
14 -36 69
14 37 66
14 -37 85
14 38 71
14 -38 73
14 39 55
14 -39 69
14 4 59
14 -4 62
14 40 54
14 -40 53
14 41 23
14 -41 39
14 42 5
14 -42 2
14 43 3
14 -43 1
14 -44 1
14 5 55
14 -5 50
14 6 53
14 -6 60
14 7 53
14 -7 78
14 8 51
14 -8 62
14 9 55
14 -9 59
15 0 70
15 1 62
15 -1 60
15 10 51
15 -10 67
15 11 65
15 -11 69
15 12 50
15 -12 68
15 13 66
15 -13 85
15 14 55
15 -14 48
15 15 59
15 -15 71
15 16 64
15 -16 66
15 17 67
15 -17 66
15 18 63
15 -18 54
15 19 55
15 -19 51
15 2 69
15 -2 58
15 20 70
15 -20 51
15 21 69
15 -21 65
15 22 67
15 -22 61
15 23 72
15 -23 61
15 24 74
15 -24 67
15 25 54
15 -25 69
15 26 66
15 -26 48
15 27 66
15 -27 58
15 28 64
15 -28 68
15 29 64
15 -29 63
15 3 76
15 -3 81
15 30 65
15 -30 58
15 31 54
15 -31 59
15 32 63
15 -32 57
15 33 64
15 -33 56
15 34 61
15 -34 62
15 35 64
15 -35 67
15 36 60
15 -36 69
15 37 71
15 -37 60
15 38 74
15 -38 82
15 39 64
15 -39 76
15 4 65
15 -4 60
15 40 64
15 -40 74
15 41 30
15 -41 37
15 42 10
15 -42 11
15 43 2
15 5 76
15 -5 78
15 6 65
15 -6 66
15 7 61
15 -7 58
15 8 71
15 -8 80
15 9 68
15 -9 63
16 0 64
16 1 64
16 -1 58
16 10 62
16 -10 77
16 11 64
16 -11 65
16 12 82
16 -12 59
16 13 63
16 -13 63
16 14 69
16 -14 50
16 15 73
16 -15 65
16 16 66
16 -16 60
16 17 64
16 -17 75
16 18 67
16 -18 59
16 19 53
16 -19 60
16 2 63
16 -2 69
16 20 66
16 -20 64
16 21 53
16 -21 59
16 22 55
16 -22 76
16 23 63
16 -23 57
16 24 87
16 -24 53
16 25 70
16 -25 71
16 26 66
16 -26 64
16 27 78
16 -27 64
16 28 71
16 -28 60
16 29 62
16 -29 72
16 3 64
16 -3 59
16 30 76
16 -30 54
16 31 70
16 -31 55
16 32 63
16 -32 63
16 33 69
16 -33 66
16 34 50
16 -34 61
16 35 80
16 -35 74
16 36 68
16 -36 67
16 37 64
16 -37 60
16 38 59
16 -38 74
16 39 74
16 -39 71
16 4 63
16 -4 71
16 40 66
16 -40 67
16 41 30
16 -41 29
16 42 7
16 -42 5
16 -43 1
16 5 57
16 -5 66
16 6 62
16 -6 57
16 7 65
16 -7 63
16 8 69
16 -8 73
16 9 78
16 -9 73
17 0 64
17 1 69
17 -1 56
17 10 65
17 -10 58
17 11 68
17 -11 78
17 12 68
17 -12 64
17 13 65
17 -13 62
17 14 47
17 -14 60
17 15 66
17 -15 61
17 16 69
17 -16 64
17 17 63
17 -17 69
17 18 65
17 -18 67
17 19 72
17 -19 65
17 2 67
17 -2 61
17 20 67
17 -20 60
17 21 65
17 -21 70
17 22 62
17 -22 52
17 23 57
17 -23 82
17 24 66
17 -24 89
17 25 64
17 -25 75
17 26 57
17 -26 63
17 27 67
17 -27 53
17 28 70
17 -28 57
17 29 68
17 -29 70
17 3 61
17 -3 57
17 30 82
17 -30 63
17 31 78
17 -31 54
17 32 62
17 -32 68
17 33 68
17 -33 73
17 34 82
17 -34 73
17 35 68
17 -35 55
17 36 57
17 -36 73
17 37 58
17 -37 57
17 38 73
17 -38 69
17 39 65
17 -39 66
17 4 59
17 -4 58
17 40 52
17 -40 71
17 41 46
17 -41 32
17 42 8
17 -42 10
17 -43 2
17 5 62
17 -5 80
17 6 53
17 -6 56
17 7 65
17 -7 64
17 8 61
17 -8 57
17 9 71
17 -9 47
18 0 72
18 1 75
18 -1 69
18 10 63
18 -10 72
18 11 66
18 -11 68
18 12 68
18 -12 70
18 13 58
18 -13 62
18 14 59
18 -14 73
18 15 69
18 -15 70
18 16 63
18 -16 64
18 17 63
18 -17 62
18 18 60
18 -18 67
18 19 69
18 -19 65
18 2 60
18 -2 61
18 20 71
18 -20 65
18 21 56
18 -21 75
18 22 72
18 -22 69
18 23 68
18 -23 63
18 24 57
18 -24 55
18 25 59
18 -25 78
18 26 66
18 -26 67
18 27 69
18 -27 64
18 28 67
18 -28 64
18 29 68
18 -29 59
18 3 59
18 -3 65
18 30 72
18 -30 70
18 31 65
18 -31 65
18 32 72
18 -32 57
18 33 61
18 -33 72
18 34 79
18 -34 61
18 35 53
18 -35 71
18 36 80
18 -36 50
18 37 52
18 -37 76
18 38 63
18 -38 65
18 39 62
18 -39 77
18 4 66
18 -4 65
18 40 56
18 -40 57
18 41 29
18 -41 42
18 42 5
18 -42 9
18 -43 2
18 -44 2
18 5 66
18 -5 64
18 6 72
18 -6 60
18 7 65
18 -7 66
18 8 60
18 -8 55
18 9 63
18 -9 58
19 0 73
19 1 58
19 -1 59
19 10 61
19 -10 69
19 11 75
19 -11 78
19 12 64
19 -12 66
19 13 62
19 -13 60
19 14 65
19 -14 64
19 15 72
19 -15 63
19 16 60
19 -16 65
19 17 53
19 -17 55
19 18 71
19 -18 59
19 19 51
19 -19 71
19 2 80
19 -2 67
19 20 64
19 -20 77
19 21 63
19 -21 64
19 22 65
19 -22 73
19 23 75
19 -23 65
19 24 65
19 -24 60
19 25 62
19 -25 69
19 26 61
19 -26 68
19 27 76
19 -27 58
19 28 74
19 -28 67
19 29 55
19 -29 74
19 3 80
19 -3 60
19 30 74
19 -30 69
19 31 74
19 -31 67
19 32 74
19 -32 57
19 33 61
19 -33 68
19 34 70
19 -34 59
19 35 70
19 -35 74
19 36 59
19 -36 76
19 37 60
19 -37 69
19 38 64
19 -38 68
19 39 78
19 -39 59
19 4 66
19 -4 66
19 40 63
19 -40 76
19 41 37
19 -41 36
19 42 9
19 -42 9
19 43 1
19 -43 2
19 45 1
19 5 72
19 -5 49
19 6 67
19 -6 64
19 7 52
19 -7 71
19 8 66
19 -8 74
19 9 65
19 -9 72
20 0 72
20 1 55
20 -1 80
20 10 67
20 -10 74
20 11 58
20 -11 76
20 12 72
20 -12 80
20 13 71
20 -13 55
20 14 61
20 -14 68
20 15 57
20 -15 66
20 16 57
20 -16 77
20 17 64
20 -17 78
20 18 59
20 -18 64
20 19 60
20 -19 81
20 2 61
20 -2 68
20 20 58
20 -20 72
20 21 64
20 -21 67
20 22 72
20 -22 70
20 23 59
20 -23 53
20 24 75
20 -24 75
20 25 66
20 -25 65
20 26 60
20 -26 77
20 27 66
20 -27 61
20 28 66
20 -28 73
20 29 59
20 -29 68
20 3 82
20 -3 58
20 30 67
20 -30 65
20 31 58
20 -31 72
20 32 67
20 -32 60
20 33 71
20 -33 60
20 34 63
20 -34 73
20 35 71
20 -35 73
20 36 54
20 -36 66
20 37 66
20 -37 69
20 38 67
20 -38 73
20 39 68
20 -39 59
20 4 71
20 -4 73
20 40 75
20 -40 67
20 41 31
20 -41 41
20 42 7
20 -42 10
20 44 1
20 5 68
20 -5 70
20 6 54
20 -6 69
20 7 60
20 -7 64
20 8 67
20 -8 65
20 9 74
20 -9 73
21 0 61
21 1 59
21 -1 62
21 10 64
21 -10 68
21 11 62
21 -11 64
21 12 58
21 -12 64
21 13 74
21 -13 66
21 14 57
21 -14 60
21 15 62
21 -15 57
21 16 60
21 -16 74
21 17 49
21 -17 62
21 18 80
21 -18 61
21 19 70
21 -19 75
21 2 71
21 -2 73
21 20 66
21 -20 68
21 21 70
21 -21 72
21 22 74
21 -22 70
21 23 65
21 -23 57
21 24 64
21 -24 75
21 25 72
21 -25 53
21 26 76
21 -26 66
21 27 72
21 -27 70
21 28 75
21 -28 58
21 29 72
21 -29 60
21 3 46
21 -3 49
21 30 67
21 -30 71
21 31 72
21 -31 57
21 32 69
21 -32 72
21 33 50
21 -33 62
21 34 78
21 -34 54
21 35 54
21 -35 53
21 36 51
21 -36 60
21 37 72
21 -37 57
21 38 66
21 -38 59
21 39 61
21 -39 59
21 4 74
21 -4 69
21 40 68
21 -40 75
21 41 25
21 -41 32
21 42 8
21 -42 10
21 43 3
21 -43 2
21 5 56
21 -5 52
21 6 76
21 -6 60
21 7 81
21 -7 63
21 8 63
21 -8 67
21 9 68
21 -9 58
22 0 49
22 1 53
22 -1 70
22 10 58
22 -10 63
22 11 71
22 -11 63
22 12 58
22 -12 70
22 13 70
22 -13 70
22 14 68
22 -14 59
22 15 57
22 -15 59
22 16 71
22 -16 69
22 17 68
22 -17 71
22 18 77
22 -18 65
22 19 64
22 -19 75
22 2 62
22 -2 73
22 20 63
22 -20 56
22 21 52
22 -21 61
22 22 65
22 -22 37
22 23 71
22 -23 59
22 24 64
22 -24 82
22 25 76
22 -25 74
22 26 74
22 -26 61
22 27 59
22 -27 68
22 28 76
22 -28 73
22 29 62
22 -29 61
22 3 58
22 -3 76
22 30 63
22 -30 54
22 31 71
22 -31 66
22 32 55
22 -32 65
22 33 74
22 -33 67
22 34 57
22 -34 65
22 35 67
22 -35 69
22 36 72
22 -36 68
22 37 74
22 -37 60
22 38 87
22 -38 73
22 39 72
22 -39 78
22 4 71
22 -4 72
22 40 57
22 -40 71
22 41 34
22 -41 37
22 42 7
22 -42 5
22 43 2
22 -43 2
22 5 54
22 -5 65
22 6 70
22 -6 68
22 7 60
22 -7 57
22 8 68
22 -8 77
22 9 60
22 -9 72
23 0 63
23 1 62
23 -1 59
23 10 67
23 -10 67
23 11 83
23 -11 58
23 12 70
23 -12 60
23 13 69
23 -13 60
23 14 65
23 -14 69
23 15 65
23 -15 58
23 16 63
23 -16 65
23 17 55
23 -17 66
23 18 56
23 -18 81
23 19 61
23 -19 72
23 2 55
23 -2 72
23 20 64
23 -20 69
23 21 51
23 -21 63
23 22 80
23 -22 63
23 23 69
23 -23 74
23 24 58
23 -24 83
23 25 56
23 -25 84
23 26 77
23 -26 78
23 27 67
23 -27 71
23 28 75
23 -28 69
23 29 66
23 -29 68
23 3 77
23 -3 68
23 30 71
23 -30 72
23 31 65
23 -31 71
23 32 66
23 -32 73
23 33 60
23 -33 66
23 34 65
23 -34 60
23 35 72
23 -35 60
23 36 68
23 -36 61
23 37 62
23 -37 45
23 38 76
23 -38 77
23 39 68
23 -39 78
23 4 61
23 -4 62
23 40 67
23 -40 57
23 41 35
23 -41 36
23 42 11
23 -42 4
23 43 3
23 -43 1
23 44 1
23 -44 1
23 5 69
23 -5 57
23 6 68
23 -6 69
23 7 70
23 -7 75
23 8 71
23 -8 68
23 9 49
23 -9 69
24 0 62
24 1 67
24 -1 65
24 10 78
24 -10 66
24 11 84
24 -11 69
24 12 79
24 -12 75
24 13 79
24 -13 60
24 14 66
24 -14 62
24 15 72
24 -15 66
24 16 59
24 -16 74
24 17 61
24 -17 78
24 18 71
24 -18 62
24 19 68
24 -19 59
24 2 52
24 -2 60
24 20 66
24 -20 56
24 21 71
24 -21 70
24 22 72
24 -22 57
24 23 64
24 -23 63
24 24 79
24 -24 71
24 25 63
24 -25 66
24 26 63
24 -26 60
24 27 53
24 -27 62
24 28 67
24 -28 69
24 29 68
24 -29 74
24 3 59
24 -3 49
24 30 64
24 -30 63
24 31 72
24 -31 65
24 32 61
24 -32 66
24 33 70
24 -33 71
24 34 75
24 -34 72
24 35 58
24 -35 72
24 36 71
24 -36 70
24 37 69
24 -37 69
24 38 68
24 -38 59
24 39 67
24 -39 68
24 4 70
24 -4 57
24 40 70
24 -40 87
24 41 42
24 -41 41
24 42 6
24 -42 10
24 43 1
24 -43 2
24 5 61
24 -5 73
24 6 58
24 -6 84
24 7 81
24 -7 58
24 8 66
24 -8 66
24 9 54
24 -9 57
25 0 67
25 1 69
25 -1 59
25 10 62
25 -10 62
25 11 72
25 -11 79
25 12 68
25 -12 69
25 13 63
25 -13 73
25 14 71
25 -14 78
25 15 67
25 -15 73
25 16 63
25 -16 51
25 17 76
25 -17 60
25 18 50
25 -18 63
25 19 70
25 -19 60
25 2 69
25 -2 63
25 20 73
25 -20 68
25 21 59
25 -21 60
25 22 51
25 -22 57
25 23 61
25 -23 71
25 24 72
25 -24 76
25 25 65
25 -25 72
25 26 64
25 -26 78
25 27 49
25 -27 76
25 28 51
25 -28 64
25 29 70
25 -29 62
25 3 58
25 -3 71
25 30 59
25 -30 72
25 31 66
25 -31 55
25 32 75
25 -32 63
25 33 75
25 -33 55
25 34 61
25 -34 68
25 35 75
25 -35 62
25 36 80
25 -36 64
25 37 69
25 -37 60
25 38 70
25 -38 84
25 39 66
25 -39 63
25 4 63
25 -4 52
25 40 68
25 -40 64
25 41 29
25 -41 26
25 42 16
25 -42 7
25 43 3
25 -43 2
25 44 1
25 5 62
25 -5 63
25 6 61
25 -6 78
25 7 71
25 -7 66
25 8 54
25 -8 63
25 9 54
25 -9 68
26 0 63
26 1 65
26 -1 63
26 10 63
26 -10 80
26 11 73
26 -11 69
26 12 65
26 -12 69
26 13 67
26 -13 69
26 14 61
26 -14 74
26 15 65
26 -15 67
26 16 73
26 -16 64
26 17 73
26 -17 68
26 18 71
26 -18 71
26 19 59
26 -19 69
26 2 72
26 -2 62
26 20 56
26 -20 82
26 21 70
26 -21 66
26 22 75
26 -22 58
26 23 71
26 -23 67
26 24 66
26 -24 65
26 25 77
26 -25 74
26 26 64
26 -26 74
26 27 68
26 -27 67
26 28 61
26 -28 74
26 29 65
26 -29 72
26 3 66
26 -3 77
26 30 60
26 -30 68
26 31 58
26 -31 70
26 32 74
26 -32 65
26 33 47
26 -33 69
26 34 75
26 -34 72
26 35 83
26 -35 69
26 36 61
26 -36 61
26 37 72
26 -37 79
26 38 66
26 -38 80
26 39 73
26 -39 70
26 4 68
26 -4 51
26 40 61
26 -40 59
26 41 28
26 -41 36
26 42 12
26 -42 7
26 43 4
26 -43 2
26 5 64
26 -5 56
26 6 80
26 -6 61
26 7 59
26 -7 59
26 8 61
26 -8 69
26 9 75
26 -9 74
27 0 50
27 1 66
27 -1 65
27 10 51
27 -10 82
27 11 78
27 -11 59
27 12 68
27 -12 67
27 13 65
27 -13 65
27 14 69
27 -14 59
27 15 46
27 -15 71
27 16 53
27 -16 66
27 17 75
27 -17 69
27 18 57
27 -18 72
27 19 68
27 -19 75
27 2 63
27 -2 82
27 20 64
27 -20 73
27 21 69
27 -21 72
27 22 65
27 -22 67
27 23 60
27 -23 68
27 24 58
27 -24 52
27 25 69
27 -25 67
27 26 62
27 -26 76
27 27 64
27 -27 71
27 28 65
27 -28 66
27 29 56
27 -29 65
27 3 64
27 -3 73
27 30 60
27 -30 73
27 31 71
27 -31 62
27 32 62
27 -32 59
27 33 75
27 -33 64
27 34 67
27 -34 60
27 35 68
27 -35 65
27 36 79
27 -36 79
27 37 58
27 -37 70
27 38 67
27 -38 69
27 39 59
27 -39 69
27 4 71
27 -4 79
27 40 72
27 -40 61
27 41 44
27 -41 29
27 42 11
27 -42 12
27 44 2
27 5 74
27 -5 62
27 6 64
27 -6 52
27 7 67
27 -7 61
27 8 59
27 -8 81
27 9 66
27 -9 68
28 0 67
28 1 69
28 -1 57
28 10 53
28 -10 65
28 11 61
28 -11 66
28 12 66
28 -12 65
28 13 78
28 -13 59
28 14 59
28 -14 59
28 15 69
28 -15 73
28 16 73
28 -16 68
28 17 66
28 -17 66
28 18 69
28 -18 61
28 19 74
28 -19 73
28 2 68
28 -2 65
28 20 59
28 -20 56
28 21 78
28 -21 57
28 22 75
28 -22 66
28 23 68
28 -23 71
28 24 72
28 -24 68
28 25 59
28 -25 74
28 26 58
28 -26 79
28 27 57
28 -27 67
28 28 64
28 -28 75
28 29 74
28 -29 61
28 3 62
28 -3 69
28 30 66
28 -30 61
28 31 57
28 -31 51
28 32 67
28 -32 72
28 33 58
28 -33 61
28 34 54
28 -34 49
28 35 69
28 -35 68
28 36 77
28 -36 58
28 37 55
28 -37 57
28 38 54
28 -38 73
28 39 83
28 -39 62
28 4 66
28 -4 74
28 40 57
28 -40 64
28 41 31
28 -41 40
28 42 5
28 -42 6
28 43 2
28 44 1
28 5 69
28 -5 67
28 6 62
28 -6 60
28 7 81
28 -7 66
28 8 74
28 -8 65
28 9 74
28 -9 63
29 0 61
29 1 63
29 -1 75
29 10 58
29 -10 78
29 11 74
29 -11 73
29 12 76
29 -12 73
29 13 52
29 -13 71
29 14 70
29 -14 78
29 15 70
29 -15 64
29 16 58
29 -16 67
29 17 57
29 -17 73
29 18 70
29 -18 65
29 19 76
29 -19 74
29 2 54
29 -2 72
29 20 73
29 -20 68
29 21 79
29 -21 62
29 22 67
29 -22 66
29 23 75
29 -23 77
29 24 62
29 -24 58
29 25 75
29 -25 82
29 26 55
29 -26 75
29 27 66
29 -27 64
29 28 68
29 -28 66
29 29 67
29 -29 58
29 3 68
29 -3 62
29 30 72
29 -30 59
29 31 69
29 -31 67
29 32 53
29 -32 60
29 33 65
29 -33 71
29 34 68
29 -34 66
29 35 65
29 -35 57
29 36 66
29 -36 64
29 37 69
29 -37 51
29 38 61
29 -38 64
29 39 76
29 -39 58
29 4 54
29 -4 69
29 40 62
29 -40 86
29 41 37
29 -41 31
29 42 7
29 -42 8
29 43 2
29 45 1
29 5 76
29 -5 72
29 6 58
29 -6 75
29 7 57
29 -7 66
29 8 73
29 -8 58
29 9 53
29 -9 71
30 0 65
30 1 69
30 -1 69
30 10 66
30 -10 64
30 11 61
30 -11 77
30 12 60
30 -12 64
30 13 68
30 -13 66
30 14 80
30 -14 70
30 15 68
30 -15 73
30 16 68
30 -16 57
30 17 70
30 -17 76
30 18 67
30 -18 64
30 19 64
30 -19 56
30 2 63
30 -2 65
30 20 67
30 -20 69
30 21 64
30 -21 55
30 22 48
30 -22 55
30 23 64
30 -23 64
30 24 62
30 -24 72
30 25 65
30 -25 61
30 26 65
30 -26 65
30 27 69
30 -27 62
30 28 72
30 -28 67
30 29 64
30 -29 62
30 3 71
30 -3 72
30 30 68
30 -30 76
30 31 72
30 -31 60
30 32 60
30 -32 76
30 33 64
30 -33 74
30 34 73
30 -34 77
30 35 64
30 -35 72
30 36 74
30 -36 69
30 37 61
30 -37 72
30 38 58
30 -38 66
30 39 55
30 -39 78
30 4 70
30 -4 51
30 40 85
30 -40 78
30 41 31
30 -41 35
30 42 10
30 -42 12
30 43 4
30 -43 2
30 5 62
30 -5 76
30 6 67
30 -6 55
30 7 69
30 -7 79
30 8 61
30 -8 47
30 9 55
30 -9 73
31 0 72
31 1 66
31 -1 69
31 10 61
31 -10 75
31 11 56
31 -11 64
31 12 60
31 -12 69
31 13 57
31 -13 72
31 14 64
31 -14 80
31 15 70
31 -15 58
31 16 56
31 -16 73
31 17 80
31 -17 59
31 18 70
31 -18 70
31 19 60
31 -19 71
31 2 66
31 -2 67
31 20 75
31 -20 71
31 21 85
31 -21 72
31 22 58
31 -22 59
31 23 66
31 -23 49
31 24 62
31 -24 65
31 25 63
31 -25 55
31 26 84
31 -26 65
31 27 61
31 -27 57
31 28 67
31 -28 58
31 29 77
31 -29 62
31 3 70
31 -3 67
31 30 74
31 -30 63
31 31 63
31 -31 71
31 32 57
31 -32 65
31 33 72
31 -33 79
31 34 65
31 -34 61
31 35 57
31 -35 81
31 36 70
31 -36 62
31 37 61
31 -37 55
31 38 69
31 -38 70
31 39 63
31 -39 70
31 4 61
31 -4 64
31 40 76
31 -40 62
31 41 28
31 -41 31
31 42 7
31 -42 7
31 43 1
31 44 1
31 5 52
31 -5 71
31 6 66
31 -6 50
31 7 57
31 -7 68
31 8 50
31 -8 64
31 9 71
31 -9 63
32 0 78
32 1 63
32 -1 72
32 10 61
32 -10 65
32 11 67
32 -11 60
32 12 75
32 -12 67
32 13 63
32 -13 63
32 14 62
32 -14 68
32 15 69
32 -15 80
32 16 64
32 -16 57
32 17 56
32 -17 69
32 18 57
32 -18 52
32 19 76
32 -19 66
32 2 46
32 -2 56
32 20 65
32 -20 66
32 21 70
32 -21 72
32 22 62
32 -22 75
32 23 74
32 -23 53
32 24 73
32 -24 76
32 25 63
32 -25 63
32 26 77
32 -26 55
32 27 52
32 -27 81
32 28 61
32 -28 63
32 29 75
32 -29 55
32 3 70
32 -3 63
32 30 66
32 -30 79
32 31 73
32 -31 55
32 32 64
32 -32 65
32 33 55
32 -33 65
32 34 64
32 -34 67
32 35 66
32 -35 65
32 36 61
32 -36 77
32 37 62
32 -37 73
32 38 70
32 -38 77
32 39 65
32 -39 66
32 4 72
32 -4 68
32 40 78
32 -40 59
32 41 30
32 -41 38
32 42 15
32 -42 10
32 43 5
32 -43 3
32 5 72
32 -5 72
32 6 69
32 -6 65
32 7 69
32 -7 70
32 8 78
32 -8 63
32 9 72
32 -9 83
33 0 72
33 1 84
33 -1 84
33 10 68
33 -10 67
33 11 75
33 -11 63
33 12 63
33 -12 55
33 13 59
33 -13 78
33 14 73
33 -14 75
33 15 90
33 -15 88
33 16 64
33 -16 75
33 17 68
33 -17 67
33 18 63
33 -18 54
33 19 54
33 -19 59
33 2 76
33 -2 63
33 20 64
33 -20 50
33 21 59
33 -21 85
33 22 68
33 -22 64
33 23 59
33 -23 68
33 24 53
33 -24 77
33 25 71
33 -25 60
33 26 61
33 -26 58
33 27 65
33 -27 60
33 28 57
33 -28 63
33 29 75
33 -29 73
33 3 69
33 -3 72
33 30 55
33 -30 63
33 31 58
33 -31 63
33 32 87
33 -32 67
33 33 54
33 -33 70
33 34 73
33 -34 71
33 35 63
33 -35 65
33 36 73
33 -36 74
33 37 58
33 -37 66
33 38 57
33 -38 72
33 39 69
33 -39 70
33 4 58
33 -4 67
33 40 64
33 -40 64
33 41 25
33 -41 22
33 42 9
33 -42 10
33 43 1
33 -43 1
33 -45 1
33 5 76
33 -5 66
33 6 69
33 -6 74
33 7 72
33 -7 66
33 8 65
33 -8 67
33 9 61
33 -9 57
34 0 59
34 1 73
34 -1 58
34 10 70
34 -10 79
34 11 67
34 -11 67
34 12 67
34 -12 75
34 13 64
34 -13 61
34 14 62
34 -14 75
34 15 50
34 -15 63
34 16 69
34 -16 53
34 17 69
34 -17 63
34 18 64
34 -18 55
34 19 60
34 -19 66
34 2 70
34 -2 66
34 20 75
34 -20 55
34 21 56
34 -21 57
34 22 63
34 -22 79
34 23 66
34 -23 77
34 24 67
34 -24 65
34 25 58
34 -25 71
34 26 73
34 -26 65
34 27 51
34 -27 73
34 28 53
34 -28 58
34 29 70
34 -29 66
34 3 74
34 -3 76
34 30 65
34 -30 61
34 31 66
34 -31 65
34 32 81
34 -32 70
34 33 59
34 -33 66
34 34 69
34 -34 75
34 35 78
34 -35 66
34 36 55
34 -36 68
34 37 64
34 -37 72
34 38 71
34 -38 80
34 39 73
34 -39 80
34 4 76
34 -4 68
34 40 71
34 -40 60
34 41 37
34 -41 35
34 42 5
34 -42 12
34 43 4
34 -44 2
34 5 71
34 -5 61
34 6 59
34 -6 56
34 7 62
34 -7 69
34 8 69
34 -8 85
34 9 62
34 -9 72
35 0 57
35 1 53
35 -1 55
35 10 61
35 -10 53
35 11 67
35 -11 65
35 12 56
35 -12 67
35 13 61
35 -13 67
35 14 64
35 -14 63
35 15 69
35 -15 64
35 16 59
35 -16 57
35 17 72
35 -17 82
35 18 49
35 -18 78
35 19 70
35 -19 67
35 2 60
35 -2 66
35 20 55
35 -20 62
35 21 68
35 -21 59
35 22 71
35 -22 75
35 23 57
35 -23 61
35 24 68
35 -24 74
35 25 84
35 -25 66
35 26 78
35 -26 87
35 27 64
35 -27 87
35 28 73
35 -28 71
35 29 57
35 -29 63
35 3 76
35 -3 65
35 30 77
35 -30 74
35 31 59
35 -31 67
35 32 69
35 -32 71
35 33 73
35 -33 65
35 34 69
35 -34 76
35 35 80
35 -35 70
35 36 75
35 -36 62
35 37 63
35 -37 74
35 38 56
35 -38 64
35 39 68
35 -39 59
35 4 81
35 -4 63
35 40 67
35 -40 67
35 41 28
35 -41 26
35 42 9
35 -42 9
35 43 1
35 5 73
35 -5 74
35 6 75
35 -6 60
35 7 67
35 -7 60
35 8 77
35 -8 58
35 9 76
35 -9 64
36 0 68
36 1 58
36 -1 68
36 10 70
36 -10 56
36 11 60
36 -11 61
36 12 71
36 -12 62
36 13 64
36 -13 61
36 14 78
36 -14 74
36 15 55
36 -15 66
36 16 69
36 -16 66
36 17 62
36 -17 61
36 18 69
36 -18 76
36 19 71
36 -19 52
36 2 73
36 -2 51
36 20 59
36 -20 51
36 21 75
36 -21 63
36 22 74
36 -22 63
36 23 87
36 -23 69
36 24 71
36 -24 70
36 25 74
36 -25 62
36 26 63
36 -26 56
36 27 67
36 -27 55
36 28 64
36 -28 56
36 29 72
36 -29 82
36 3 78
36 -3 67
36 30 63
36 -30 64
36 31 69
36 -31 73
36 32 61
36 -32 66
36 33 66
36 -33 73
36 34 63
36 -34 65
36 35 75
36 -35 57
36 36 77
36 -36 69
36 37 62
36 -37 76
36 38 54
36 -38 74
36 39 59
36 -39 82
36 4 66
36 -4 60
36 40 74
36 -40 62
36 41 30
36 -41 38
36 42 12
36 -42 9
36 43 1
36 5 74
36 -5 72
36 6 76
36 -6 69
36 7 65
36 -7 68
36 8 56
36 -8 67
36 9 67
36 -9 72
37 0 62
37 1 61
37 -1 67
37 10 66
37 -10 62
37 11 86
37 -11 69
37 12 80
37 -12 53
37 13 64
37 -13 67
37 14 65
37 -14 66
37 15 63
37 -15 75
37 16 62
37 -16 61
37 17 66
37 -17 58
37 18 90
37 -18 65
37 19 60
37 -19 59
37 2 58
37 -2 68
37 20 64
37 -20 56
37 21 66
37 -21 60
37 22 60
37 -22 77
37 23 68
37 -23 70
37 24 66
37 -24 68
37 25 57
37 -25 63
37 26 66
37 -26 73
37 27 54
37 -27 70
37 28 76
37 -28 64
37 29 57
37 -29 73
37 3 55
37 -3 70
37 30 80
37 -30 69
37 31 80
37 -31 63
37 32 58
37 -32 67
37 33 69
37 -33 72
37 34 61
37 -34 51
37 35 58
37 -35 67
37 36 52
37 -36 68
37 37 65
37 -37 68
37 38 62
37 -38 55
37 39 70
37 -39 51
37 4 85
37 -4 73
37 40 57
37 -40 66
37 41 22
37 -41 40
37 42 12
37 -42 4
37 43 1
37 5 73
37 -5 74
37 6 59
37 -6 59
37 7 58
37 -7 62
37 8 68
37 -8 59
37 9 57
37 -9 55
38 0 74
38 1 64
38 -1 66
38 10 56
38 -10 67
38 11 54
38 -11 62
38 12 61
38 -12 70
38 13 67
38 -13 78
38 14 65
38 -14 64
38 15 54
38 -15 81
38 16 66
38 -16 66
38 17 60
38 -17 71
38 18 80
38 -18 66
38 19 72
38 -19 73
38 2 62
38 -2 61
38 20 61
38 -20 83
38 21 59
38 -21 66
38 22 68
38 -22 67
38 23 83
38 -23 79
38 24 56
38 -24 60
38 25 57
38 -25 56
38 26 64
38 -26 76
38 27 55
38 -27 59
38 28 70
38 -28 82
38 29 62
38 -29 72
38 3 70
38 -3 56
38 30 69
38 -30 63
38 31 59
38 -31 69
38 32 66
38 -32 74
38 33 58
38 -33 67
38 34 71
38 -34 69
38 35 72
38 -35 65
38 36 80
38 -36 60
38 37 61
38 -37 73
38 38 75
38 -38 57
38 39 68
38 -39 52
38 4 74
38 -4 60
38 40 54
38 -40 65
38 41 29
38 -41 34
38 42 12
38 -42 7
38 -43 1
38 5 66
38 -5 68
38 6 73
38 -6 84
38 7 69
38 -7 69
38 8 82
38 -8 71
38 9 69
38 -9 75
39 0 60
39 1 73
39 -1 72
39 10 64
39 -10 62
39 11 62
39 -11 74
39 12 66
39 -12 63
39 13 64
39 -13 68
39 14 72
39 -14 74
39 15 55
39 -15 71
39 16 68
39 -16 72
39 17 66
39 -17 69
39 18 81
39 -18 64
39 19 69
39 -19 56
39 2 72
39 -2 65
39 20 75
39 -20 54
39 21 71
39 -21 73
39 22 87
39 -22 58
39 23 73
39 -23 67
39 24 79
39 -24 65
39 25 68
39 -25 78
39 26 61
39 -26 58
39 27 68
39 -27 69
39 28 66
39 -28 75
39 29 60
39 -29 56
39 3 64
39 -3 67
39 30 63
39 -30 67
39 31 71
39 -31 89
39 32 57
39 -32 73
39 33 69
39 -33 60
39 34 58
39 -34 63
39 35 63
39 -35 76
39 36 67
39 -36 63
39 37 57
39 -37 66
39 38 69
39 -38 81
39 39 67
39 -39 47
39 4 53
39 -4 54
39 40 58
39 -40 78
39 41 20
39 -41 41
39 42 3
39 -42 5
39 -43 1
39 5 63
39 -5 75
39 6 59
39 -6 69
39 7 62
39 -7 78
39 8 68
39 -8 58
39 9 79
39 -9 63
40 0 61
40 1 77
40 -1 68
40 10 76
40 -10 63
40 11 51
40 -11 72
40 12 70
40 -12 83
40 13 70
40 -13 63
40 14 53
40 -14 76
40 15 66
40 -15 59
40 16 78
40 -16 66
40 17 56
40 -17 67
40 18 73
40 -18 71
40 19 65
40 -19 71
40 2 61
40 -2 68
40 20 75
40 -20 66
40 21 70
40 -21 60
40 22 65
40 -22 71
40 23 72
40 -23 66
40 24 65
40 -24 79
40 25 62
40 -25 57
40 26 62
40 -26 68
40 27 77
40 -27 56
40 28 60
40 -28 70
40 29 70
40 -29 58
40 3 74
40 -3 66
40 30 68
40 -30 64
40 31 68
40 -31 63
40 32 69
40 -32 60
40 33 65
40 -33 72
40 34 59
40 -34 71
40 35 70
40 -35 54
40 36 52
40 -36 62
40 37 65
40 -37 72
40 38 64
40 -38 67
40 39 66
40 -39 59
40 4 69
40 -4 65
40 40 72
40 -40 79
40 41 12
40 -41 25
40 42 4
40 -42 7
40 5 65
40 -5 67
40 6 63
40 -6 76
40 7 55
40 -7 69
40 8 75
40 -8 74
40 9 63
40 -9 78
41 0 37
41 1 44
41 -1 34
41 10 35
41 -10 36
41 11 39
41 -11 36
41 12 37
41 -12 39
41 13 36
41 -13 41
41 14 36
41 -14 31
41 15 33
41 -15 35
41 16 35
41 -16 34
41 17 41
41 -17 37
41 18 32
41 -18 48
41 19 39
41 -19 39
41 2 45
41 -2 25
41 20 32
41 -20 41
41 21 28
41 -21 47
41 22 42
41 -22 29
41 23 36
41 -23 37
41 24 42
41 -24 29
41 25 36
41 -25 32
41 26 33
41 -26 42
41 27 31
41 -27 33
41 28 38
41 -28 32
41 29 30
41 -29 42
41 3 39
41 -3 33
41 30 47
41 -30 34
41 31 50
41 -31 39
41 32 40
41 -32 31
41 33 36
41 -33 37
41 34 40
41 -34 42
41 35 36
41 -35 45
41 36 38
41 -36 39
41 37 30
41 -37 35
41 38 32
41 -38 34
41 39 33
41 -39 36
41 4 41
41 -4 42
41 40 27
41 -40 33
41 41 11
41 -41 10
41 42 2
41 5 38
41 -5 37
41 6 38
41 -6 42
41 7 47
41 -7 52
41 8 53
41 -8 24
41 9 33
41 -9 45
42 0 4
42 1 7
42 -1 7
42 10 5
42 -10 8
42 11 6
42 -11 3
42 12 5
42 -12 7
42 13 3
42 14 4
42 -14 4
42 15 4
42 -15 3
42 16 6
42 -16 7
42 17 5
42 -17 6
42 18 8
42 -18 3
42 19 8
42 -19 10
42 2 7
42 -2 5
42 20 5
42 -20 8
42 21 4
42 -21 9
42 22 4
42 -22 5
42 23 4
42 -23 7
42 24 5
42 -24 9
42 25 5
42 -25 6
42 26 7
42 -26 6
42 27 6
42 -27 10
42 28 6
42 -28 10
42 29 6
42 -29 6
42 3 1
42 -3 5
42 30 7
42 -30 6
42 31 4
42 -31 11
42 32 8
42 -32 4
42 33 5
42 -33 7
42 34 2
42 -34 7
42 35 2
42 -35 4
42 36 1
42 -36 3
42 37 3
42 -37 5
42 38 5
42 -38 4
42 39 2
42 -39 1
42 4 8
42 -4 7
42 40 1
42 41 1
42 5 5
42 -5 6
42 6 9
42 -6 8
42 7 5
42 -7 4
42 8 10
42 -8 9
42 9 5
42 -9 5
43 0 1
43 1 1
43 -1 3
43 10 3
43 -10 1
43 11 4
43 -11 2
43 12 1
43 -12 5
43 -13 1
43 14 1
43 -15 3
43 -16 3
43 17 1
43 -18 1
43 19 2
43 -19 3
43 2 2
43 -2 1
43 20 2
43 -20 1
43 21 1
43 -21 2
43 22 4
43 -22 1
43 -24 1
43 25 1
43 -25 2
43 26 1
43 -26 3
43 -27 1
43 29 1
43 -29 1
43 3 2
43 -3 1
43 30 1
43 -30 1
43 -31 2
43 32 1
43 33 2
43 -33 3
43 -34 1
43 35 1
43 -35 1
43 36 1
43 -36 2
43 37 2
43 -37 3
43 -38 1
43 4 1
43 -4 2
43 5 3
43 -5 3
43 6 2
43 7 3
43 8 1
43 -8 1
43 9 1
43 -9 2
44 11 1
44 14 2
44 -15 1
44 -16 1
44 -17 1
44 -18 2
44 19 1
44 2 1
44 -2 2
44 20 1
44 -20 1
44 -21 1
44 -22 1
44 -23 1
44 24 1
44 27 1
44 -28 1
44 3 1
44 -31 2
44 -32 1
44 -33 2
44 -35 1
44 -36 1
44 4 1
44 -4 1
44 5 1
44 7 2
44 8 1
44 -8 2
45 -11 1
45 12 1
45 -15 1
45 20 1
45 24 1
45 27 1
45 -27 1
45 -37 1
45 -4 1
45 7 1
45 -9 1
46 12 1
46 -14 1
46 -15 1
46 6 1
