-25 0 258
-25 1 255
-25 -1 271
-25 10 237
-25 -10 253
-25 11 253
-25 -11 264
-25 12 263
-25 -12 254
-25 13 254
-25 -13 242
-25 14 255
-25 -14 246
-25 15 266
-25 -15 280
-25 16 257
-25 -16 258
-25 17 253
-25 -17 271
-25 18 262
-25 -18 254
-25 19 262
-25 -19 292
-25 2 279
-25 -2 239
-25 20 262
-25 -20 259
-25 21 287
-25 -21 289
-25 22 240
-25 -22 248
-25 23 250
-25 -23 279
-25 24 234
-25 -24 258
-25 25 233
-25 -25 264
-25 3 268
-25 -3 250
-25 4 265
-25 -4 282
-25 5 241
-25 -5 265
-25 6 236
-25 -6 242
-25 7 260
-25 -7 263
-25 8 241
-25 -8 253
-25 9 237
-25 -9 263
-24 0 294
-24 1 288
-24 -1 279
-24 10 266
-24 -10 281
-24 11 279
-24 -11 292
-24 12 277
-24 -12 317
-24 13 262
-24 -13 288
-24 14 276
-24 -14 276
-24 15 265
-24 -15 285
-24 16 266
-24 -16 274
-24 17 300
-24 -17 283
-24 18 262
-24 -18 281
-24 19 294
-24 -19 277
-24 2 272
-24 -2 272
-24 20 264
-24 -20 291
-24 21 285
-24 -21 267
-24 22 264
-24 -22 280
-24 23 248
-24 -23 309
-24 24 261
-24 -24 282
-24 25 244
-24 -25 280
-24 3 302
-24 -3 263
-24 4 275
-24 -4 301
-24 5 273
-24 -5 274
-24 6 282
-24 -6 278
-24 7 301
-24 -7 277
-24 8 281
-24 -8 300
-24 9 273
-24 -9 274
-23 0 256
-23 1 247
-23 -1 280
-23 10 250
-23 -10 294
-23 11 246
-23 -11 262
-23 12 280
-23 -12 280
-23 13 292
-23 -13 281
-23 14 277
-23 -14 278
-23 15 304
-23 -15 274
-23 16 275
-23 -16 304
-23 17 273
-23 -17 280
-23 18 285
-23 -18 284
-23 19 273
-23 -19 294
-23 2 281
-23 -2 295
-23 20 263
-23 -20 256
-23 21 309
-23 -21 296
-23 22 273
-23 -22 280
-23 23 274
-23 -23 262
-23 24 269
-23 -24 286
-23 25 221
-23 -25 284
-23 3 250
-23 -3 267
-23 4 276
-23 -4 273
-23 5 274
-23 -5 281
-23 6 263
-23 -6 288
-23 7 263
-23 -7 287
-23 8 277
-23 -8 278
-23 9 271
-23 -9 253
-22 0 256
-22 1 255
-22 -1 268
-22 10 273
-22 -10 292
-22 11 262
-22 -11 288
-22 12 268
-22 -12 274
-22 13 265
-22 -13 273
-22 14 282
-22 -14 257
-22 15 266
-22 -15 285
-22 16 299
-22 -16 247
-22 17 308
-22 -17 294
-22 18 283
-22 -18 271
-22 19 292
-22 -19 271
-22 2 263
-22 -2 266
-22 20 278
-22 -20 282
-22 21 265
-22 -21 288
-22 22 289
-22 -22 279
-22 23 260
-22 -23 283
-22 24 266
-22 -24 264
-22 25 261
-22 -25 274
-22 3 265
-22 -3 300
-22 4 269
-22 -4 294
-22 5 259
-22 -5 262
-22 6 266
-22 -6 267
-22 7 275
-22 -7 292
-22 8 287
-22 -8 268
-22 9 282
-22 -9 286
-21 0 248
-21 1 284
-21 -1 270
-21 10 271
-21 -10 283
-21 11 248
-21 -11 269
-21 12 284
-21 -12 288
-21 13 264
-21 -13 273
-21 14 279
-21 -14 300
-21 15 253
-21 -15 290
-21 16 283
-21 -16 283
-21 17 301
-21 -17 299
-21 18 293
-21 -18 290
-21 19 279
-21 -19 269
-21 2 272
-21 -2 266
-21 20 285
-21 -20 256
-21 21 268
-21 -21 307
-21 22 273
-21 -22 274
-21 23 259
-21 -23 279
-21 24 275
-21 -24 292
-21 25 254
-21 -25 252
-21 3 270
-21 -3 248
-21 4 270
-21 -4 265
-21 5 250
-21 -5 294
-21 6 266
-21 -6 261
-21 7 270
-21 -7 272
-21 8 294
-21 -8 275
-21 9 266
-21 -9 267
-20 0 289
-20 1 294
-20 -1 268
-20 10 284
-20 -10 299
-20 11 273
-20 -11 236
-20 12 285
-20 -12 274
-20 13 282
-20 -13 285
-20 14 251
-20 -14 284
-20 15 276
-20 -15 264
-20 16 284
-20 -16 281
-20 17 275
-20 -17 280
-20 18 273
-20 -18 268
-20 19 301
-20 -19 279
-20 2 276
-20 -2 276
-20 20 269
-20 -20 270
-20 21 303
-20 -21 257
-20 22 307
-20 -22 286
-20 23 269
-20 -23 277
-20 24 286
-20 -24 277
-20 25 237
-20 -25 272
-20 3 276
-20 -3 285
-20 4 281
-20 -4 253
-20 5 280
-20 -5 297
-20 6 269
-20 -6 288
-20 7 257
-20 -7 270
-20 8 310
-20 -8 259
-20 9 289
-20 -9 270
-19 0 282
-19 1 275
-19 -1 280
-19 10 253
-19 -10 297
-19 11 282
-19 -11 281
-19 12 250
-19 -12 258
-19 13 279
-19 -13 274
-19 14 278
-19 -14 272
-19 15 273
-19 -15 275
-19 16 278
-19 -16 266
-19 17 292
-19 -17 263
-19 18 263
-19 -18 292
-19 19 240
-19 -19 262
-19 2 278
-19 -2 267
-19 20 256
-19 -20 280
-19 21 250
-19 -21 276
-19 22 271
-19 -22 268
-19 23 287
-19 -23 247
-19 24 286
-19 -24 261
-19 25 240
-19 -25 268
-19 3 310
-19 -3 241
-19 4 285
-19 -4 244
-19 5 272
-19 -5 266
-19 6 280
-19 -6 309
-19 7 278
-19 -7 306
-19 8 276
-19 -8 264
-19 9 304
-19 -9 265
-18 0 270
-18 1 278
-18 -1 271
-18 10 255
-18 -10 309
-18 11 284
-18 -11 271
-18 12 267
-18 -12 284
-18 13 262
-18 -13 256
-18 14 276
-18 -14 283
-18 15 274
-18 -15 278
-18 16 296
-18 -16 305
-18 17 260
-18 -17 291
-18 18 271
-18 -18 250
-18 19 292
-18 -19 247
-18 2 238
-18 -2 287
-18 20 289
-18 -20 284
-18 21 279
-18 -21 269
-18 22 280
-18 -22 305
-18 23 291
-18 -23 268
-18 24 285
-18 -24 280
-18 25 228
-18 -25 301
-18 3 289
-18 -3 258
-18 4 270
-18 -4 262
-18 5 282
-18 -5 291
-18 6 265
-18 -6 284
-18 7 280
-18 -7 284
-18 8 275
-18 -8 292
-18 9 275
-18 -9 309
-17 0 291
-17 1 257
-17 -1 263
-17 10 242
-17 -10 292
-17 11 277
-17 -11 289
-17 12 279
-17 -12 278
-17 13 258
-17 -13 279
-17 14 263
-17 -14 285
-17 15 290
-17 -15 294
-17 16 268
-17 -16 267
-17 17 233
-17 -17 282
-17 18 302
-17 -18 303
-17 19 272
-17 -19 282
-17 2 303
-17 -2 260
-17 20 281
-17 -20 272
-17 21 293
-17 -21 302
-17 22 266
-17 -22 292
-17 23 291
-17 -23 280
-17 24 278
-17 -24 255
-17 25 278
-17 -25 278
-17 3 289
-17 -3 250
-17 4 262
-17 -4 288
-17 5 280
-17 -5 278
-17 6 295
-17 -6 279
-17 7 252
-17 -7 264
-17 8 271
-17 -8 291
-17 9 271
-17 -9 275
-16 0 252
-16 1 281
-16 -1 260
-16 10 289
-16 -10 252
-16 11 255
-16 -11 267
-16 12 285
-16 -12 251
-16 13 286
-16 -13 281
-16 14 273
-16 -14 290
-16 15 269
-16 -15 261
-16 16 291
-16 -16 265
-16 17 290
-16 -17 254
-16 18 256
-16 -18 261
-16 19 273
-16 -19 255
-16 2 292
-16 -2 258
-16 20 255
-16 -20 275
-16 21 281
-16 -21 294
-16 22 256
-16 -22 288
-16 23 265
-16 -23 297
-16 24 274
-16 -24 285
-16 25 244
-16 -25 254
-16 3 258
-16 -3 282
-16 4 262
-16 -4 266
-16 5 245
-16 -5 237
-16 6 269
-16 -6 261
-16 7 268
-16 -7 248
-16 8 242
-16 -8 270
-16 9 261
-16 -9 238
-15 0 241
-15 1 264
-15 -1 262
-15 10 259
-15 -10 249
-15 11 265
-15 -11 246
-15 12 307
-15 -12 286
-15 13 263
-15 -13 263
-15 14 270
-15 -14 255
-15 15 271
-15 -15 265
-15 16 291
-15 -16 282
-15 17 259
-15 -17 305
-15 18 264
-15 -18 283
-15 19 278
-15 -19 253
-15 2 239
-15 -2 288
-15 20 279
-15 -20 265
-15 21 267
-15 -21 285
-15 22 273
-15 -22 289
-15 23 301
-15 -23 276
-15 24 272
-15 -24 287
-15 25 228
-15 -25 273
-15 3 253
-15 -3 258
-15 4 252
-15 -4 300
-15 5 266
-15 -5 272
-15 6 269
-15 -6 280
-15 7 261
-15 -7 256
-15 8 236
-15 -8 278
-15 9 297
-15 -9 270
-14 0 285
-14 1 247
-14 -1 248
-14 10 272
-14 -10 254
-14 11 266
-14 -11 260
-14 12 232
-14 -12 245
-14 13 265
-14 -13 255
-14 14 272
-14 -14 278
-14 15 259
-14 -15 275
-14 16 250
-14 -16 269
-14 17 267
-14 -17 277
-14 18 295
-14 -18 290
-14 19 269
-14 -19 283
-14 2 277
-14 -2 278
-14 20 275
-14 -20 287
-14 21 269
-14 -21 288
-14 22 271
-14 -22 276
-14 23 286
-14 -23 267
-14 24 286
-14 -24 258
-14 25 259
-14 -25 247
-14 3 250
-14 -3 292
-14 4 270
-14 -4 263
-14 5 238
-14 -5 273
-14 6 267
-14 -6 284
-14 7 263
-14 -7 268
-14 8 275
-14 -8 269
-14 9 272
-14 -9 234
-13 0 260
-13 1 256
-13 -1 249
-13 10 245
-13 -10 234
-13 11 262
-13 -11 255
-13 12 283
-13 -12 278
-13 13 283
-13 -13 267
-13 14 259
-13 -14 284
-13 15 260
-13 -15 253
-13 16 271
-13 -16 278
-13 17 263
-13 -17 254
-13 18 254
-13 -18 270
-13 19 258
-13 -19 270
-13 2 265
-13 -2 270
-13 20 289
-13 -20 282
-13 21 275
-13 -21 258
-13 22 288
-13 -22 286
-13 23 263
-13 -23 282
-13 24 280
-13 -24 300
-13 25 258
-13 -25 283
-13 3 271
-13 -3 244
-13 4 260
-13 -4 266
-13 5 263
-13 -5 263
-13 6 253
-13 -6 272
-13 7 249
-13 -7 240
-13 8 258
-13 -8 241
-13 9 264
-13 -9 269
-12 0 252
-12 1 271
-12 -1 247
-12 10 260
-12 -10 275
-12 11 259
-12 -11 277
-12 12 264
-12 -12 254
-12 13 282
-12 -13 247
-12 14 264
-12 -14 278
-12 15 248
-12 -15 292
-12 16 251
-12 -16 280
-12 17 285
-12 -17 258
-12 18 272
-12 -18 268
-12 19 282
-12 -19 289
-12 2 271
-12 -2 251
-12 20 266
-12 -20 281
-12 21 292
-12 -21 256
-12 22 269
-12 -22 298
-12 23 265
-12 -23 265
-12 24 287
-12 -24 291
-12 25 248
-12 -25 276
-12 3 263
-12 -3 274
-12 4 258
-12 -4 250
-12 5 272
-12 -5 242
-12 6 259
-12 -6 259
-12 7 258
-12 -7 254
-12 8 265
-12 -8 243
-12 9 251
-12 -9 289
-11 0 241
-11 1 253
-11 -1 250
-11 10 242
-11 -10 285
-11 11 237
-11 -11 263
-11 12 228
-11 -12 238
-11 13 259
-11 -13 260
-11 14 241
-11 -14 312
-11 15 252
-11 -15 262
-11 16 268
-11 -16 285
-11 17 275
-11 -17 247
-11 18 261
-11 -18 267
-11 19 263
-11 -19 284
-11 2 234
-11 -2 275
-11 20 293
-11 -20 268
-11 21 298
-11 -21 251
-11 22 276
-11 -22 292
-11 23 289
-11 -23 295
-11 24 274
-11 -24 240
-11 25 253
-11 -25 261
-11 3 272
-11 -3 237
-11 4 235
-11 -4 289
-11 5 258
-11 -5 236
-11 6 240
-11 -6 281
-11 7 268
-11 -7 257
-11 8 274
-11 -8 267
-11 9 248
-11 -9 242
-10 0 254
-10 1 262
-10 -1 247
-10 10 267
-10 -10 245
-10 11 253
-10 -11 259
-10 12 267
-10 -12 245
-10 13 248
-10 -13 268
-10 14 269
-10 -14 272
-10 15 270
-10 -15 258
-10 16 296
-10 -16 290
-10 17 273
-10 -17 248
-10 18 264
-10 -18 272
-10 19 268
-10 -19 260
-10 2 264
-10 -2 263
-10 20 277
-10 -20 261
-10 21 292
-10 -21 256
-10 22 281
-10 -22 302
-10 23 287
-10 -23 246
-10 24 256
-10 -24 266
-10 25 208
-10 -25 264
-10 3 266
-10 -3 251
-10 4 260
-10 -4 242
-10 5 235
-10 -5 235
-10 6 257
-10 -6 229
-10 7 267
-10 -7 261
-10 8 288
-10 -8 249
-10 9 227
-10 -9 235
-9 0 252
-9 1 253
-9 -1 254
-9 10 259
-9 -10 267
-9 11 263
-9 -11 288
-9 12 260
-9 -12 265
-9 13 261
-9 -13 265
-9 14 267
-9 -14 270
-9 15 248
-9 -15 277
-9 16 257
-9 -16 259
-9 17 261
-9 -17 275
-9 18 283
-9 -18 285
-9 19 269
-9 -19 261
-9 2 260
-9 -2 241
-9 20 265
-9 -20 283
-9 21 267
-9 -21 251
-9 22 265
-9 -22 281
-9 23 285
-9 -23 289
-9 24 308
-9 -24 287
-9 25 217
-9 -25 274
-9 3 239
-9 -3 247
-9 4 265
-9 -4 262
-9 5 245
-9 -5 242
-9 6 273
-9 -6 247
-9 7 274
-9 -7 270
-9 8 263
-9 -8 249
-9 9 243
-9 -9 260
-8 0 259
-8 1 276
-8 -1 234
-8 10 266
-8 -10 252
-8 11 241
-8 -11 255
-8 12 247
-8 -12 291
-8 13 257
-8 -13 271
-8 14 250
-8 -14 253
-8 15 267
-8 -15 271
-8 16 283
-8 -16 274
-8 17 291
-8 -17 270
-8 18 274
-8 -18 283
-8 19 285
-8 -19 279
-8 2 236
-8 -2 279
-8 20 295
-8 -20 314
-8 21 283
-8 -21 284
-8 22 280
-8 -22 249
-8 23 270
-8 -23 282
-8 24 286
-8 -24 293
-8 25 240
-8 -25 267
-8 3 200
-8 -3 253
-8 4 246
-8 -4 273
-8 5 237
-8 -5 261
-8 6 245
-8 -6 251
-8 7 257
-8 -7 254
-8 8 254
-8 -8 255
-8 9 262
-8 -9 231
-7 0 246
-7 1 250
-7 -1 238
-7 10 257
-7 -10 261
-7 11 253
-7 -11 241
-7 12 255
-7 -12 253
-7 13 259
-7 -13 282
-7 14 256
-7 -14 263
-7 15 252
-7 -15 251
-7 16 258
-7 -16 283
-7 17 255
-7 -17 270
-7 18 287
-7 -18 248
-7 19 288
-7 -19 274
-7 2 239
-7 -2 247
-7 20 269
-7 -20 269
-7 21 303
-7 -21 252
-7 22 271
-7 -22 277
-7 23 280
-7 -23 262
-7 24 240
-7 -24 260
-7 25 246
-7 -25 248
-7 3 242
-7 -3 258
-7 4 242
-7 -4 264
-7 5 276
-7 -5 258
-7 6 276
-7 -6 220
-7 7 260
-7 -7 241
-7 8 265
-7 -8 274
-7 9 256
-7 -9 226
-6 0 262
-6 1 224
-6 -1 244
-6 10 241
-6 -10 258
-6 11 250
-6 -11 274
-6 12 262
-6 -12 254
-6 13 268
-6 -13 269
-6 14 276
-6 -14 257
-6 15 273
-6 -15 248
-6 16 250
-6 -16 283
-6 17 275
-6 -17 260
-6 18 266
-6 -18 265
-6 19 281
-6 -19 259
-6 2 232
-6 -2 241
-6 20 271
-6 -20 296
-6 21 271
-6 -21 253
-6 22 285
-6 -22 291
-6 23 268
-6 -23 262
-6 24 265
-6 -24 283
-6 25 235
-6 -25 260
-6 3 257
-6 -3 230
-6 4 247
-6 -4 243
-6 5 243
-6 -5 266
-6 6 232
-6 -6 246
-6 7 247
-6 -7 242
-6 8 255
-6 -8 265
-6 9 235
-6 -9 230
-5 0 254
-5 1 226
-5 -1 250
-5 10 253
-5 -10 252
-5 11 287
-5 -11 289
-5 12 274
-5 -12 238
-5 13 280
-5 -13 254
-5 14 275
-5 -14 252
-5 15 265
-5 -15 285
-5 16 280
-5 -16 271
-5 17 310
-5 -17 288
-5 18 269
-5 -18 267
-5 19 296
-5 -19 264
-5 2 254
-5 -2 268
-5 20 261
-5 -20 235
-5 21 280
-5 -21 319
-5 22 267
-5 -22 265
-5 23 269
-5 -23 285
-5 24 263
-5 -24 273
-5 25 254
-5 -25 259
-5 3 274
-5 -3 256
-5 4 269
-5 -4 246
-5 5 237
-5 -5 239
-5 6 245
-5 -6 244
-5 7 285
-5 -7 254
-5 8 255
-5 -8 233
-5 9 247
-5 -9 254
-4 0 236
-4 1 241
-4 -1 247
-4 10 250
-4 -10 260
-4 11 270
-4 -11 253
-4 12 255
-4 -12 291
-4 13 238
-4 -13 252
-4 14 224
-4 -14 249
-4 15 235
-4 -15 270
-4 16 285
-4 -16 270
-4 17 279
-4 -17 273
-4 18 288
-4 -18 271
-4 19 267
-4 -19 276
-4 2 232
-4 -2 238
-4 20 288
-4 -20 261
-4 21 261
-4 -21 279
-4 22 260
-4 -22 263
-4 23 273
-4 -23 286
-4 24 264
-4 -24 249
-4 25 254
-4 -25 275
-4 3 240
-4 -3 244
-4 4 231
-4 -4 242
-4 5 231
-4 -5 254
-4 6 255
-4 -6 258
-4 7 265
-4 -7 231
-4 8 273
-4 -8 253
-4 9 237
-4 -9 260
-3 0 242
-3 1 242
-3 -1 236
-3 10 247
-3 -10 270
-3 11 234
-3 -11 265
-3 12 267
-3 -12 264
-3 13 270
-3 -13 251
-3 14 263
-3 -14 249
-3 15 271
-3 -15 271
-3 16 274
-3 -16 262
-3 17 274
-3 -17 275
-3 18 288
-3 -18 266
-3 19 266
-3 -19 275
-3 2 232
-3 -2 219
-3 20 261
-3 -20 277
-3 21 275
-3 -21 253
-3 22 295
-3 -22 277
-3 23 280
-3 -23 276
-3 24 274
-3 -24 270
-3 25 224
-3 -25 283
-3 3 246
-3 -3 237
-3 4 238
-3 -4 231
-3 5 262
-3 -5 269
-3 6 246
-3 -6 247
-3 7 270
-3 -7 254
-3 8 262
-3 -8 267
-3 9 223
-3 -9 264
-2 0 221
-2 1 242
-2 -1 264
-2 10 250
-2 -10 254
-2 11 251
-2 -11 251
-2 12 234
-2 -12 243
-2 13 223
-2 -13 252
-2 14 268
-2 -14 246
-2 15 252
-2 -15 247
-2 16 275
-2 -16 269
-2 17 269
-2 -17 268
-2 18 255
-2 -18 258
-2 19 274
-2 -19 240
-2 2 255
-2 -2 226
-2 20 256
-2 -20 263
-2 21 264
-2 -21 274
-2 22 299
-2 -22 284
-2 23 279
-2 -23 260
-2 24 281
-2 -24 281
-2 25 234
-2 -25 260
-2 3 249
-2 -3 270
-2 4 247
-2 -4 252
-2 5 253
-2 -5 251
-2 6 247
-2 -6 267
-2 7 219
-2 -7 248
-2 8 255
-2 -8 272
-2 9 235
-2 -9 256
-1 0 260
-1 1 248
-1 -1 251
-1 10 252
-1 -10 256
-1 11 255
-1 -11 225
-1 12 243
-1 -12 261
-1 13 239
-1 -13 261
-1 14 250
-1 -14 240
-1 15 261
-1 -15 248
-1 16 246
-1 -16 270
-1 17 275
-1 -17 244
-1 18 257
-1 -18 265
-1 19 255
-1 -19 272
-1 2 231
-1 -2 221
-1 20 258
-1 -20 249
-1 21 288
-1 -21 273
-1 22 266
-1 -22 267
-1 23 308
-1 -23 278
-1 24 254
-1 -24 284
-1 25 230
-1 -25 273
-1 3 206
-1 -3 246
-1 4 249
-1 -4 224
-1 5 231
-1 -5 246
-1 6 269
-1 -6 248
-1 7 243
-1 -7 245
-1 8 270
-1 -8 278
-1 9 239
-1 -9 248
0 0 254
0 1 234
0 -1 240
0 10 253
0 -10 242
0 11 238
0 -11 228
0 12 231
0 -12 233
0 13 216
0 -13 215
0 14 244
0 -14 233
0 15 237
0 -15 265
0 16 284
0 -16 262
0 17 259
0 -17 263
0 18 264
0 -18 245
0 19 273
0 -19 267
0 2 244
0 -2 235
0 20 275
0 -20 299
0 21 285
0 -21 281
0 22 279
0 -22 288
0 23 242
0 -23 268
0 24 274
0 -24 267
0 25 239
0 -25 269
0 3 229
0 -3 255
0 4 249
0 -4 254
0 5 244
0 -5 264
0 6 235
0 -6 239
0 7 245
0 -7 247
0 8 251
0 -8 262
0 9 264
0 -9 253
1 0 253
1 1 252
1 -1 248
1 10 229
1 -10 256
1 11 260
1 -11 246
1 12 230
1 -12 253
1 13 257
1 -13 261
1 14 247
1 -14 274
1 15 245
1 -15 249
1 16 260
1 -16 259
1 17 254
1 -17 269
1 18 271
1 -18 275
1 19 254
1 -19 255
1 2 240
1 -2 256
1 20 267
1 -20 268
1 21 284
1 -21 252
1 22 296
1 -22 277
1 23 271
1 -23 277
1 24 266
1 -24 282
1 25 239
1 -25 307
1 3 237
1 -3 256
1 4 246
1 -4 271
1 5 252
1 -5 242
1 6 252
1 -6 210
1 7 248
1 -7 246
1 8 269
1 -8 250
1 9 267
1 -9 246
2 0 230
2 1 250
2 -1 256
2 10 243
2 -10 238
2 11 251
2 -11 256
2 12 265
2 -12 239
2 13 286
2 -13 288
2 14 250
2 -14 248
2 15 252
2 -15 265
2 16 259
2 -16 304
2 17 265
2 -17 270
2 18 258
2 -18 264
2 19 267
2 -19 275
2 2 239
2 -2 216
2 20 244
2 -20 289
2 21 258
2 -21 262
2 22 271
2 -22 256
2 23 295
2 -23 257
2 24 289
2 -24 253
2 25 238
2 -25 269
2 3 240
2 -3 243
2 4 270
2 -4 233
2 5 263
2 -5 238
2 6 246
2 -6 239
2 7 256
2 -7 253
2 8 248
2 -8 262
2 9 251
2 -9 273
3 0 218
3 1 248
3 -1 269
3 10 271
3 -10 253
3 11 260
3 -11 244
3 12 252
3 -12 245
3 13 263
3 -13 269
3 14 224
3 -14 273
3 15 269
3 -15 244
3 16 273
3 -16 276
3 17 278
3 -17 263
3 18 256
3 -18 280
3 19 273
3 -19 286
3 2 246
3 -2 247
3 20 269
3 -20 295
3 21 286
3 -21 286
3 22 295
3 -22 273
3 23 269
3 -23 278
3 24 303
3 -24 292
3 25 237
3 -25 283
3 3 244
3 -3 256
3 4 240
3 -4 229
3 5 258
3 -5 246
3 6 270
3 -6 256
3 7 254
3 -7 249
3 8 236
3 -8 236
3 9 255
3 -9 272
4 0 213
4 1 263
4 -1 263
4 10 234
4 -10 279
4 11 269
4 -11 229
4 12 234
4 -12 263
4 13 265
4 -13 266
4 14 262
4 -14 275
4 15 278
4 -15 270
4 16 271
4 -16 285
4 17 247
4 -17 264
4 18 256
4 -18 279
4 19 267
4 -19 268
4 2 224
4 -2 237
4 20 289
4 -20 304
4 21 306
4 -21 270
4 22 266
4 -22 269
4 23 285
4 -23 258
4 24 289
4 -24 256
4 25 203
4 -25 273
4 3 244
4 -3 221
4 4 230
4 -4 256
4 5 241
4 -5 238
4 6 237
4 -6 251
4 7 263
4 -7 241
4 8 210
4 -8 261
4 9 247
4 -9 232
5 0 253
5 1 241
5 -1 245
5 10 242
5 -10 278
5 11 252
5 -11 264
5 12 228
5 -12 285
5 13 240
5 -13 286
5 14 249
5 -14 253
5 15 268
5 -15 269
5 16 282
5 -16 257
5 17 282
5 -17 259
5 18 265
5 -18 285
5 19 257
5 -19 285
5 2 236
5 -2 226
5 20 262
5 -20 276
5 21 286
5 -21 266
5 22 288
5 -22 256
5 23 251
5 -23 304
5 24 265
5 -24 272
5 25 246
5 -25 290
5 3 245
5 -3 246
5 4 244
5 -4 259
5 5 266
5 -5 247
5 6 250
5 -6 257
5 7 251
5 -7 248
5 8 254
5 -8 270
5 9 280
5 -9 255
6 0 244
6 1 239
6 -1 221
6 10 260
6 -10 253
6 11 256
6 -11 247
6 12 259
6 -12 253
6 13 251
6 -13 229
6 14 232
6 -14 247
6 15 254
6 -15 252
6 16 248
6 -16 284
6 17 274
6 -17 263
6 18 271
6 -18 276
6 19 243
6 -19 277
6 2 249
6 -2 236
6 20 284
6 -20 272
6 21 269
6 -21 314
6 22 292
6 -22 299
6 23 296
6 -23 263
6 24 272
6 -24 304
6 25 244
6 -25 289
6 3 259
6 -3 232
6 4 220
6 -4 263
6 5 231
6 -5 259
6 6 230
6 -6 258
6 7 252
6 -7 268
6 8 250
6 -8 229
6 9 274
6 -9 230
7 0 231
7 1 212
7 -1 254
7 10 245
7 -10 228
7 11 255
7 -11 251
7 12 246
7 -12 249
7 13 257
7 -13 252
7 14 258
7 -14 257
7 15 256
7 -15 294
7 16 277
7 -16 252
7 17 278
7 -17 281
7 18 290
7 -18 285
7 19 263
7 -19 264
7 2 241
7 -2 261
7 20 277
7 -20 293
7 21 260
7 -21 276
7 22 274
7 -22 283
7 23 294
7 -23 272
7 24 256
7 -24 288
7 25 231
7 -25 250
7 3 248
7 -3 253
7 4 241
7 -4 215
7 5 260
7 -5 258
7 6 244
7 -6 268
7 7 266
7 -7 225
7 8 251
7 -8 239
7 9 262
7 -9 251
8 0 233
8 1 248
8 -1 257
8 10 252
8 -10 260
8 11 267
8 -11 268
8 12 279
8 -12 252
8 13 277
8 -13 255
8 14 251
8 -14 252
8 15 241
8 -15 263
8 16 276
8 -16 267
8 17 261
8 -17 265
8 18 245
8 -18 266
8 19 271
8 -19 283
8 2 251
8 -2 234
8 20 284
8 -20 275
8 21 271
8 -21 291
8 22 280
8 -22 267
8 23 270
8 -23 305
8 24 237
8 -24 261
8 25 263
8 -25 289
8 3 225
8 -3 254
8 4 259
8 -4 239
8 5 218
8 -5 227
8 6 250
8 -6 241
8 7 249
8 -7 250
8 8 280
8 -8 236
8 9 225
8 -9 250
9 0 242
9 1 264
9 -1 230
9 10 270
9 -10 269
9 11 250
9 -11 246
9 12 252
9 -12 260
9 13 246
9 -13 236
9 14 242
9 -14 270
9 15 261
9 -15 301
9 16 260
9 -16 260
9 17 274
9 -17 276
9 18 262
9 -18 269
9 19 259
9 -19 278
9 2 227
9 -2 266
9 20 283
9 -20 288
9 21 271
9 -21 270
9 22 261
9 -22 299
9 23 277
9 -23 268
9 24 279
9 -24 295
9 25 215
9 -25 267
9 3 253
9 -3 258
9 4 268
9 -4 251
9 5 226
9 -5 248
9 6 255
9 -6 291
9 7 271
9 -7 264
9 8 249
9 -8 274
9 9 268
9 -9 274
10 0 280
10 1 230
10 -1 267
10 10 242
10 -10 275
10 11 243
10 -11 238
10 12 240
10 -12 266
10 13 247
10 -13 245
10 14 270
10 -14 251
10 15 293
10 -15 241
10 16 258
10 -16 279
10 17 275
10 -17 282
10 18 267
10 -18 293
10 19 274
10 -19 265
10 2 251
10 -2 234
10 20 307
10 -20 283
10 21 273
10 -21 244
10 22 285
10 -22 289
10 23 281
10 -23 290
10 24 262
10 -24 261
10 25 253
10 -25 273
10 3 279
10 -3 241
10 4 246
10 -4 240
10 5 275
10 -5 243
10 6 257
10 -6 264
10 7 247
10 -7 246
10 8 265
10 -8 244
10 9 248
10 -9 248
11 0 238
11 1 251
11 -1 261
11 10 257
11 -10 255
11 11 253
11 -11 271
11 12 277
11 -12 278
11 13 256
11 -13 240
11 14 263
11 -14 242
11 15 260
11 -15 304
11 16 284
11 -16 290
11 17 289
11 -17 273
11 18 275
11 -18 297
11 19 291
11 -19 256
11 2 243
11 -2 271
11 20 283
11 -20 294
11 21 289
11 -21 251
11 22 282
11 -22 277
11 23 285
11 -23 233
11 24 267
11 -24 236
11 25 209
11 -25 272
11 3 266
11 -3 258
11 4 243
11 -4 258
11 5 253
11 -5 260
11 6 226
11 -6 251
11 7 247
11 -7 260
11 8 271
11 -8 272
11 9 225
11 -9 300
12 0 252
12 1 232
12 -1 257
12 10 258
12 -10 287
12 11 234
12 -11 274
12 12 252
12 -12 275
12 13 273
12 -13 254
12 14 240
12 -14 267
12 15 267
12 -15 258
12 16 255
12 -16 283
12 17 257
12 -17 275
12 18 259
12 -18 280
12 19 264
12 -19 268
12 2 268
12 -2 245
12 20 251
12 -20 268
12 21 250
12 -21 287
12 22 274
12 -22 286
12 23 257
12 -23 313
12 24 288
12 -24 260
12 25 227
12 -25 272
12 3 271
12 -3 261
12 4 238
12 -4 251
12 5 263
12 -5 236
12 6 277
12 -6 276
12 7 248
12 -7 238
12 8 257
12 -8 272
12 9 271
12 -9 270
13 0 259
13 1 256
13 -1 283
13 10 255
13 -10 263
13 11 246
13 -11 237
13 12 270
13 -12 266
13 13 312
13 -13 280
13 14 244
13 -14 277
13 15 274
13 -15 245
13 16 253
13 -16 254
13 17 267
13 -17 271
13 18 267
13 -18 282
13 19 276
13 -19 297
13 2 244
13 -2 246
13 20 288
13 -20 260
13 21 250
13 -21 290
13 22 302
13 -22 276
13 23 282
13 -23 256
13 24 286
13 -24 260
13 25 224
13 -25 261
13 3 268
13 -3 247
13 4 267
13 -4 284
13 5 233
13 -5 256
13 6 254
13 -6 258
13 7 279
13 -7 255
13 8 267
13 -8 263
13 9 244
13 -9 244
14 0 234
14 1 259
14 -1 249
14 10 277
14 -10 284
14 11 274
14 -11 246
14 12 257
14 -12 251
14 13 260
14 -13 270
14 14 257
14 -14 270
14 15 244
14 -15 274
14 16 282
14 -16 281
14 17 287
14 -17 263
14 18 285
14 -18 307
14 19 298
14 -19 304
14 2 240
14 -2 260
14 20 275
14 -20 287
14 21 267
14 -21 273
14 22 284
14 -22 291
14 23 256
14 -23 266
14 24 257
14 -24 300
14 25 206
14 -25 264
14 3 237
14 -3 261
14 4 246
14 -4 243
14 5 258
14 -5 244
14 6 242
14 -6 263
14 7 253
14 -7 269
14 8 289
14 -8 277
14 9 245
14 -9 246
15 0 251
15 1 247
15 -1 243
15 10 269
15 -10 228
15 11 282
15 -11 269
15 12 269
15 -12 278
15 13 271
15 -13 269
15 14 232
15 -14 277
15 15 263
15 -15 276
15 16 254
15 -16 276
15 17 266
15 -17 284
15 18 262
15 -18 274
15 19 270
15 -19 287
15 2 266
15 -2 254
15 20 279
15 -20 259
15 21 289
15 -21 257
15 22 283
15 -22 277
15 23 259
15 -23 247
15 24 264
15 -24 279
15 25 234
15 -25 262
15 3 261
15 -3 241
15 4 266
15 -4 214
15 5 266
15 -5 261
15 6 249
15 -6 241
15 7 294
15 -7 244
15 8 283
15 -8 282
15 9 260
15 -9 293
16 0 278
16 1 271
16 -1 245
16 10 264
16 -10 252
16 11 228
16 -11 269
16 12 292
16 -12 248
16 13 280
16 -13 280
16 14 266
16 -14 266
16 15 252
16 -15 254
16 16 271
16 -16 304
16 17 284
16 -17 257
16 18 265
16 -18 270
16 19 280
16 -19 259
16 2 258
16 -2 254
16 20 267
16 -20 293
16 21 279
16 -21 292
16 22 271
16 -22 274
16 23 265
16 -23 282
16 24 240
16 -24 291
16 25 226
16 -25 269
16 3 276
16 -3 266
16 4 276
16 -4 271
16 5 263
16 -5 262
16 6 282
16 -6 240
16 7 259
16 -7 263
16 8 255
16 -8 284
16 9 265
16 -9 254
17 0 272
17 1 296
17 -1 264
17 10 256
17 -10 283
17 11 279
17 -11 257
17 12 261
17 -12 295
17 13 245
17 -13 299
17 14 268
17 -14 285
17 15 282
17 -15 280
17 16 293
17 -16 298
17 17 281
17 -17 280
17 18 263
17 -18 298
17 19 277
17 -19 298
17 2 268
17 -2 249
17 20 290
17 -20 283
17 21 295
17 -21 273
17 22 269
17 -22 297
17 23 263
17 -23 270
17 24 283
17 -24 270
17 25 249
17 -25 276
17 3 254
17 -3 249
17 4 246
17 -4 253
17 5 273
17 -5 274
17 6 273
17 -6 252
17 7 248
17 -7 273
17 8 252
17 -8 291
17 9 284
17 -9 309
18 0 276
18 1 271
18 -1 264
18 10 272
18 -10 285
18 11 255
18 -11 278
18 12 284
18 -12 266
18 13 253
18 -13 277
18 14 269
18 -14 269
18 15 279
18 -15 270
18 16 272
18 -16 261
18 17 280
18 -17 275
18 18 262
18 -18 298
18 19 293
18 -19 321
18 2 277
18 -2 254
18 20 280
18 -20 270
18 21 259
18 -21 288
18 22 238
18 -22 277
18 23 284
18 -23 277
18 24 263
18 -24 271
18 25 232
18 -25 258
18 3 271
18 -3 291
18 4 273
18 -4 264
18 5 289
18 -5 253
18 6 252
18 -6 266
18 7 296
18 -7 263
18 8 294
18 -8 267
18 9 245
18 -9 268
19 0 222
19 1 281
19 -1 268
19 10 268
19 -10 282
19 11 272
19 -11 254
19 12 291
19 -12 255
19 13 275
19 -13 264
19 14 284
19 -14 252
19 15 239
19 -15 292
19 16 284
19 -16 268
19 17 284
19 -17 293
19 18 274
19 -18 246
19 19 277
19 -19 280
19 2 271
19 -2 258
19 20 279
19 -20 276
19 21 283
19 -21 281
19 22 286
19 -22 261
19 23 281
19 -23 258
19 24 273
19 -24 260
19 25 240
19 -25 297
19 3 294
19 -3 283
19 4 291
19 -4 272
19 5 266
19 -5 259
19 6 291
19 -6 305
19 7 254
19 -7 301
19 8 276
19 -8 299
19 9 267
19 -9 276
20 0 264
20 1 270
20 -1 280
20 10 308
20 -10 301
20 11 275
20 -11 267
20 12 270
20 -12 287
20 13 267
20 -13 268
20 14 264
20 -14 291
20 15 288
20 -15 261
20 16 250
20 -16 280
20 17 276
20 -17 299
20 18 289
20 -18 263
20 19 292
20 -19 301
20 2 269
20 -2 268
20 20 309
20 -20 285
20 21 282
20 -21 316
20 22 321
20 -22 287
20 23 265
20 -23 282
20 24 325
20 -24 263
20 25 240
20 -25 266
20 3 284
20 -3 269
20 4 270
20 -4 272
20 5 244
20 -5 286
20 6 278
20 -6 280
20 7 273
20 -7 274
20 8 260
20 -8 240
20 9 290
20 -9 264
21 0 297
21 1 257
21 -1 276
21 10 278
21 -10 266
21 11 295
21 -11 285
21 12 251
21 -12 257
21 13 284
21 -13 262
21 14 271
21 -14 267
21 15 271
21 -15 271
21 16 267
21 -16 279
21 17 277
21 -17 282
21 18 280
21 -18 286
21 19 274
21 -19 263
21 2 266
21 -2 294
21 20 263
21 -20 254
21 21 292
21 -21 270
21 22 303
21 -22 259
21 23 299
21 -23 270
21 24 305
21 -24 294
21 25 219
21 -25 290
21 3 278
21 -3 272
21 4 277
21 -4 272
21 5 284
21 -5 273
21 6 290
21 -6 289
21 7 276
21 -7 250
21 8 296
21 -8 280
21 9 274
21 -9 249
22 0 270
22 1 258
22 -1 269
22 10 248
22 -10 286
22 11 268
22 -11 262
22 12 278
22 -12 300
22 13 254
22 -13 267
22 14 270
22 -14 281
22 15 280
22 -15 284
22 16 273
22 -16 285
22 17 265
22 -17 243
22 18 251
22 -18 264
22 19 277
22 -19 267
22 2 286
22 -2 249
22 20 263
22 -20 275
22 21 280
22 -21 308
22 22 237
22 -22 303
22 23 281
22 -23 267
22 24 276
22 -24 256
22 25 204
22 -25 270
22 3 294
22 -3 300
22 4 284
22 -4 294
22 5 287
22 -5 274
22 6 299
22 -6 305
22 7 284
22 -7 278
22 8 273
22 -8 261
22 9 302
22 -9 283
23 0 263
23 1 270
23 -1 246
23 10 270
23 -10 257
23 11 278
23 -11 275
23 12 255
23 -12 253
23 13 288
23 -13 259
23 14 269
23 -14 270
23 15 234
23 -15 261
23 16 295
23 -16 280
23 17 292
23 -17 293
23 18 260
23 -18 285
23 19 281
23 -19 283
23 2 251
23 -2 277
23 20 296
23 -20 278
23 21 274
23 -21 242
23 22 255
23 -22 282
23 23 288
23 -23 281
23 24 257
23 -24 262
23 25 248
23 -25 275
23 3 264
23 -3 267
23 4 308
23 -4 242
23 5 256
23 -5 264
23 6 269
23 -6 282
23 7 274
23 -7 314
23 8 233
23 -8 279
23 9 294
23 -9 266
24 0 249
24 1 274
24 -1 285
24 10 274
24 -10 269
24 11 292
24 -11 274
24 12 268
24 -12 260
24 13 276
24 -13 277
24 14 303
24 -14 279
24 15 283
24 -15 299
24 16 245
24 -16 283
24 17 259
24 -17 270
24 18 292
24 -18 261
24 19 275
24 -19 261
24 2 259
24 -2 268
24 20 288
24 -20 281
24 21 286
24 -21 287
24 22 277
24 -22 263
24 23 251
24 -23 268
24 24 265
24 -24 278
24 25 229
24 -25 265
24 3 281
24 -3 279
24 4 283
24 -4 283
24 5 252
24 -5 267
24 6 265
24 -6 271
24 7 264
24 -7 272
24 8 266
24 -8 271
24 9 260
24 -9 295
25 0 286
25 1 288
25 -1 264
25 10 286
25 -10 273
25 11 263
25 -11 248
25 12 268
25 -12 280
25 13 273
25 -13 275
25 14 263
25 -14 295
25 15 266
25 -15 325
25 16 293
25 -16 295
25 17 317
25 -17 309
25 18 299
25 -18 267
25 19 282
25 -19 240
25 2 253
25 -2 284
25 20 284
25 -20 293
25 21 280
25 -21 268
25 22 275
25 -22 269
25 23 266
25 -23 245
25 24 276
25 -24 276
25 25 204
25 -25 267
25 3 312
25 -3 259
25 4 276
25 -4 261
25 5 307
25 -5 305
25 6 264
25 -6 273
25 7 269
25 -7 249
25 8 284
25 -8 262
25 9 258
25 -9 288
