-29 -13 1
-29 14 1
-29 -17 2
-29 -18 1
-29 -20 1
-29 -3 1
-29 5 1
-29 6 1
-29 -7 1
-28 0 2
-28 -1 3
-28 10 1
-28 11 1
-28 12 1
-28 -12 2
-28 13 1
-28 -13 1
-28 14 3
-28 -14 2
-28 15 1
-28 -15 1
-28 16 3
-28 -16 2
-28 17 4
-28 18 2
-28 -18 2
-28 19 1
-28 -19 1
-28 2 1
-28 20 1
-28 -20 3
-28 21 1
-28 -21 1
-28 -24 2
-28 -27 1
-28 3 2
-28 -3 2
-28 4 1
-28 -4 2
-28 5 1
-28 -5 3
-28 7 2
-28 8 2
-28 -8 1
-28 9 1
-28 -9 1
-27 0 19
-27 1 12
-27 -1 15
-27 10 11
-27 -10 9
-27 11 11
-27 -11 11
-27 12 7
-27 -12 8
-27 13 13
-27 -13 7
-27 14 8
-27 -14 10
-27 15 10
-27 -15 9
-27 16 14
-27 -16 14
-27 17 9
-27 -17 14
-27 18 13
-27 -18 10
-27 19 9
-27 -19 11
-27 2 15
-27 -2 17
-27 20 8
-27 -20 15
-27 21 10
-27 -21 8
-27 22 11
-27 -22 14
-27 23 5
-27 -23 8
-27 24 2
-27 -24 3
-27 -25 5
-27 26 1
-27 -26 1
-27 3 15
-27 -3 21
-27 4 9
-27 -4 18
-27 5 7
-27 -5 15
-27 6 9
-27 -6 12
-27 7 8
-27 -7 12
-27 8 15
-27 -8 12
-27 9 10
-27 -9 11
-26 0 97
-26 1 89
-26 -1 96
-26 10 86
-26 -10 93
-26 11 94
-26 -11 82
-26 12 82
-26 -12 88
-26 13 84
-26 -13 102
-26 14 80
-26 -14 94
-26 15 75
-26 -15 104
-26 16 115
-26 -16 101
-26 17 98
-26 -17 93
-26 18 79
-26 -18 103
-26 19 102
-26 -19 104
-26 2 94
-26 -2 93
-26 20 96
-26 -20 75
-26 21 97
-26 -21 90
-26 22 97
-26 -22 89
-26 23 70
-26 -23 78
-26 24 53
-26 -24 79
-26 25 19
-26 -25 68
-26 26 10
-26 -26 33
-26 27 2
-26 -27 6
-26 -28 1
-26 3 92
-26 -3 83
-26 4 94
-26 -4 92
-26 5 91
-26 -5 96
-26 6 84
-26 -6 96
-26 7 66
-26 -7 88
-26 8 89
-26 -8 95
-26 9 108
-26 -9 95
-25 0 289
-25 1 259
-25 -1 277
-25 10 271
-25 -10 291
-25 11 260
-25 -11 263
-25 12 255
-25 -12 291
-25 13 271
-25 -13 293
-25 14 277
-25 -14 286
-25 15 275
-25 -15 280
-25 16 285
-25 -16 269
-25 17 280
-25 -17 263
-25 18 284
-25 -18 281
-25 19 279
-25 -19 305
-25 2 263
-25 -2 274
-25 20 302
-25 -20 292
-25 21 253
-25 -21 289
-25 22 252
-25 -22 272
-25 23 258
-25 -23 282
-25 24 267
-25 -24 275
-25 25 256
-25 -25 277
-25 26 78
-25 -26 101
-25 27 11
-25 -27 9
-25 28 2
-25 3 272
-25 -3 285
-25 4 287
-25 -4 267
-25 5 261
-25 -5 298
-25 6 279
-25 -6 284
-25 7 283
-25 -7 265
-25 8 265
-25 -8 293
-25 9 283
-25 -9 269
-24 0 317
-24 1 284
-24 -1 281
-24 10 307
-24 -10 299
-24 11 286
-24 -11 281
-24 12 269
-24 -12 305
-24 13 307
-24 -13 291
-24 14 281
-24 -14 282
-24 15 276
-24 -15 304
-24 16 301
-24 -16 306
-24 17 266
-24 -17 275
-24 18 260
-24 -18 290
-24 19 280
-24 -19 297
-24 2 294
-24 -2 250
-24 20 274
-24 -20 317
-24 21 300
-24 -21 299
-24 22 321
-24 -22 310
-24 23 299
-24 -23 291
-24 24 274
-24 -24 277
-24 25 247
-24 -25 304
-24 26 102
-24 -26 119
-24 27 15
-24 -27 33
-24 28 1
-24 -28 2
-24 -29 1
-24 3 285
-24 -3 293
-24 4 309
-24 -4 300
-24 5 307
-24 -5 294
-24 6 286
-24 -6 307
-24 7 300
-24 -7 291
-24 8 292
-24 -8 299
-24 9 289
-24 -9 301
-23 0 310
-23 1 319
-23 -1 338
-23 10 277
-23 -10 291
-23 11 281
-23 -11 272
-23 12 294
-23 -12 304
-23 13 292
-23 -13 324
-23 14 327
-23 -14 277
-23 15 299
-23 -15 304
-23 16 304
-23 -16 304
-23 17 283
-23 -17 291
-23 18 301
-23 -18 304
-23 19 293
-23 -19 310
-23 2 301
-23 -2 290
-23 20 293
-23 -20 288
-23 21 289
-23 -21 304
-23 22 295
-23 -22 292
-23 23 293
-23 -23 293
-23 24 295
-23 -24 294
-23 25 274
-23 -25 308
-23 26 129
-23 -26 133
-23 27 16
-23 -27 31
-23 28 6
-23 -28 3
-23 -29 1
-23 3 300
-23 -3 293
-23 4 297
-23 -4 282
-23 5 261
-23 -5 296
-23 6 302
-23 -6 303
-23 7 303
-23 -7 287
-23 8 284
-23 -8 304
-23 9 280
-23 -9 311
-22 0 313
-22 1 318
-22 -1 300
-22 10 299
-22 -10 285
-22 11 291
-22 -11 296
-22 12 298
-22 -12 298
-22 13 278
-22 -13 285
-22 14 283
-22 -14 295
-22 15 264
-22 -15 301
-22 16 302
-22 -16 283
-22 17 312
-22 -17 288
-22 18 306
-22 -18 294
-22 19 335
-22 -19 276
-22 2 290
-22 -2 303
-22 20 282
-22 -20 286
-22 21 310
-22 -21 295
-22 22 330
-22 -22 311
-22 23 275
-22 -23 317
-22 24 281
-22 -24 306
-22 25 278
-22 -25 272
-22 26 109
-22 -26 149
-22 27 25
-22 -27 40
-22 28 7
-22 -28 3
-22 -29 1
-22 3 278
-22 -3 270
-22 4 276
-22 -4 263
-22 5 295
-22 -5 300
-22 6 294
-22 -6 291
-22 7 279
-22 -7 280
-22 8 306
-22 -8 291
-22 9 286
-22 -9 318
-21 0 293
-21 1 297
-21 -1 292
-21 10 307
-21 -10 312
-21 11 295
-21 -11 287
-21 12 269
-21 -12 287
-21 13 260
-21 -13 275
-21 14 285
-21 -14 319
-21 15 287
-21 -15 299
-21 16 315
-21 -16 301
-21 17 308
-21 -17 288
-21 18 299
-21 -18 300
-21 19 257
-21 -19 300
-21 2 298
-21 -2 285
-21 20 291
-21 -20 303
-21 21 288
-21 -21 259
-21 22 311
-21 -22 300
-21 23 280
-21 -23 286
-21 24 282
-21 -24 283
-21 25 266
-21 -25 277
-21 26 111
-21 -26 146
-21 27 24
-21 -27 33
-21 28 7
-21 -28 6
-21 29 1
-21 -29 2
-21 3 286
-21 -3 282
-21 -30 1
-21 4 294
-21 -4 294
-21 5 311
-21 -5 281
-21 6 302
-21 -6 295
-21 7 268
-21 -7 310
-21 8 294
-21 -8 276
-21 9 310
-21 -9 301
-20 0 309
-20 1 317
-20 -1 262
-20 10 295
-20 -10 301
-20 11 283
-20 -11 288
-20 12 274
-20 -12 295
-20 13 292
-20 -13 327
-20 14 279
-20 -14 309
-20 15 285
-20 -15 292
-20 16 267
-20 -16 279
-20 17 297
-20 -17 287
-20 18 340
-20 -18 279
-20 19 305
-20 -19 293
-20 2 298
-20 -2 296
-20 20 304
-20 -20 304
-20 21 308
-20 -21 304
-20 22 312
-20 -22 260
-20 23 312
-20 -23 303
-20 24 292
-20 -24 313
-20 25 277
-20 -25 313
-20 26 119
-20 -26 136
-20 27 20
-20 -27 31
-20 28 4
-20 -28 12
-20 29 2
-20 -29 1
-20 3 259
-20 -3 287
-20 -30 2
-20 -31 2
-20 4 269
-20 -4 289
-20 5 293
-20 -5 300
-20 6 310
-20 -6 292
-20 7 301
-20 -7 286
-20 8 262
-20 -8 267
-20 9 275
-20 -9 270
-19 0 291
-19 1 283
-19 -1 296
-19 10 270
-19 -10 313
-19 11 298
-19 -11 288
-19 12 293
-19 -12 292
-19 13 271
-19 -13 306
-19 14 305
-19 -14 265
-19 15 272
-19 -15 276
-19 16 300
-19 -16 293
-19 17 309
-19 -17 317
-19 18 291
-19 -18 267
-19 19 286
-19 -19 295
-19 2 297
-19 -2 303
-19 20 282
-19 -20 304
-19 21 291
-19 -21 272
-19 22 275
-19 -22 301
-19 23 295
-19 -23 280
-19 24 275
-19 -24 291
-19 25 281
-19 -25 291
-19 26 123
-19 -26 124
-19 27 28
-19 -27 34
-19 28 5
-19 -28 7
-19 29 1
-19 -29 3
-19 3 289
-19 -3 299
-19 -30 1
-19 4 277
-19 -4 289
-19 5 261
-19 -5 250
-19 6 269
-19 -6 289
-19 7 294
-19 -7 287
-19 8 276
-19 -8 293
-19 9 292
-19 -9 283
-18 0 292
-18 1 291
-18 -1 280
-18 10 292
-18 -10 296
-18 11 302
-18 -11 285
-18 12 299
-18 -12 301
-18 13 260
-18 -13 283
-18 14 312
-18 -14 300
-18 15 304
-18 -15 314
-18 16 309
-18 -16 275
-18 17 306
-18 -17 292
-18 18 282
-18 -18 298
-18 19 278
-18 -19 300
-18 2 320
-18 -2 274
-18 20 281
-18 -20 298
-18 21 266
-18 -21 301
-18 22 304
-18 -22 289
-18 23 317
-18 -23 274
-18 24 284
-18 -24 305
-18 25 242
-18 -25 301
-18 26 119
-18 -26 155
-18 27 30
-18 -27 37
-18 28 7
-18 -28 5
-18 29 2
-18 -29 1
-18 3 284
-18 -3 270
-18 4 279
-18 -4 277
-18 5 304
-18 -5 310
-18 6 280
-18 -6 305
-18 7 286
-18 -7 294
-18 8 271
-18 -8 282
-18 9 308
-18 -9 265
-17 0 300
-17 1 274
-17 -1 273
-17 10 265
-17 -10 283
-17 11 298
-17 -11 293
-17 12 302
-17 -12 298
-17 13 279
-17 -13 307
-17 14 303
-17 -14 297
-17 15 279
-17 -15 282
-17 16 294
-17 -16 290
-17 17 279
-17 -17 287
-17 18 286
-17 -18 287
-17 19 287
-17 -19 316
-17 2 289
-17 -2 285
-17 20 305
-17 -20 292
-17 21 301
-17 -21 284
-17 22 265
-17 -22 312
-17 23 287
-17 -23 287
-17 24 287
-17 -24 329
-17 25 261
-17 -25 309
-17 26 116
-17 -26 134
-17 27 30
-17 -27 36
-17 28 3
-17 -28 8
-17 -29 3
-17 3 304
-17 -3 299
-17 -30 1
-17 4 294
-17 -4 281
-17 5 274
-17 -5 281
-17 6 289
-17 -6 262
-17 7 279
-17 -7 311
-17 8 326
-17 -8 266
-17 9 273
-17 -9 291
-16 0 281
-16 1 299
-16 -1 307
-16 10 289
-16 -10 300
-16 11 281
-16 -11 300
-16 12 281
-16 -12 317
-16 13 304
-16 -13 266
-16 14 272
-16 -14 268
-16 15 310
-16 -15 306
-16 16 302
-16 -16 268
-16 17 262
-16 -17 290
-16 18 325
-16 -18 323
-16 19 285
-16 -19 265
-16 2 263
-16 -2 295
-16 20 300
-16 -20 304
-16 21 250
-16 -21 310
-16 22 296
-16 -22 278
-16 23 286
-16 -23 290
-16 24 303
-16 -24 296
-16 25 232
-16 -25 284
-16 26 115
-16 -26 158
-16 27 27
-16 -27 27
-16 28 4
-16 -28 6
-16 29 1
-16 -29 3
-16 3 293
-16 -3 277
-16 4 290
-16 -4 261
-16 5 285
-16 -5 287
-16 6 292
-16 -6 290
-16 7 280
-16 -7 269
-16 8 301
-16 -8 320
-16 9 288
-16 -9 293
-15 0 301
-15 1 255
-15 -1 261
-15 10 289
-15 -10 296
-15 11 282
-15 -11 265
-15 12 268
-15 -12 270
-15 13 273
-15 -13 302
-15 14 299
-15 -14 287
-15 15 299
-15 -15 305
-15 16 280
-15 -16 322
-15 17 304
-15 -17 302
-15 18 274
-15 -18 286
-15 19 268
-15 -19 314
-15 2 277
-15 -2 280
-15 20 302
-15 -20 305
-15 21 276
-15 -21 289
-15 22 267
-15 -22 285
-15 23 266
-15 -23 283
-15 24 290
-15 -24 287
-15 25 260
-15 -25 306
-15 26 97
-15 -26 151
-15 27 30
-15 -27 34
-15 28 6
-15 -28 9
-15 29 2
-15 -29 3
-15 3 283
-15 -3 275
-15 4 292
-15 -4 259
-15 5 287
-15 -5 270
-15 6 289
-15 -6 272
-15 7 310
-15 -7 288
-15 8 275
-15 -8 271
-15 9 284
-15 -9 265
-14 0 248
-14 1 260
-14 -1 267
-14 10 258
-14 -10 247
-14 11 261
-14 -11 281
-14 12 284
-14 -12 289
-14 13 305
-14 -13 285
-14 14 259
-14 -14 258
-14 15 283
-14 -15 267
-14 16 289
-14 -16 274
-14 17 294
-14 -17 262
-14 18 283
-14 -18 294
-14 19 278
-14 -19 270
-14 2 262
-14 -2 253
-14 20 258
-14 -20 309
-14 21 314
-14 -21 302
-14 22 292
-14 -22 277
-14 23 246
-14 -23 267
-14 24 294
-14 -24 305
-14 25 257
-14 -25 285
-14 26 127
-14 -26 141
-14 27 30
-14 -27 29
-14 28 5
-14 -28 6
-14 29 2
-14 -29 3
-14 3 235
-14 -3 286
-14 4 278
-14 -4 282
-14 5 277
-14 -5 269
-14 6 311
-14 -6 269
-14 7 260
-14 -7 264
-14 8 285
-14 -8 276
-14 9 270
-14 -9 262
-13 0 303
-13 1 275
-13 -1 299
-13 10 273
-13 -10 282
-13 11 265
-13 -11 281
-13 12 279
-13 -12 260
-13 13 268
-13 -13 287
-13 14 263
-13 -14 265
-13 15 274
-13 -15 283
-13 16 275
-13 -16 285
-13 17 304
-13 -17 257
-13 18 302
-13 -18 270
-13 19 303
-13 -19 280
-13 2 270
-13 -2 292
-13 20 298
-13 -20 270
-13 21 304
-13 -21 290
-13 22 300
-13 -22 278
-13 23 298
-13 -23 301
-13 24 289
-13 -24 269
-13 25 245
-13 -25 304
-13 26 124
-13 -26 139
-13 27 30
-13 -27 27
-13 28 6
-13 -28 5
-13 29 2
-13 -29 3
-13 3 253
-13 -3 297
-13 4 267
-13 -4 263
-13 5 280
-13 -5 279
-13 6 286
-13 -6 243
-13 7 266
-13 -7 285
-13 8 251
-13 -8 249
-13 9 278
-13 -9 285
-12 0 268
-12 1 254
-12 -1 257
-12 10 279
-12 -10 259
-12 11 277
-12 -11 298
-12 12 276
-12 -12 294
-12 13 269
-12 -13 280
-12 14 295
-12 -14 300
-12 15 264
-12 -15 292
-12 16 279
-12 -16 267
-12 17 287
-12 -17 294
-12 18 271
-12 -18 309
-12 19 291
-12 -19 265
-12 2 271
-12 -2 265
-12 20 263
-12 -20 274
-12 21 282
-12 -21 310
-12 22 279
-12 -22 271
-12 23 298
-12 -23 303
-12 24 302
-12 -24 273
-12 25 256
-12 -25 286
-12 26 113
-12 -26 160
-12 27 25
-12 -27 34
-12 28 10
-12 -28 6
-12 29 1
-12 -29 1
-12 3 255
-12 -3 279
-12 4 282
-12 -4 249
-12 5 284
-12 -5 267
-12 6 285
-12 -6 280
-12 7 292
-12 -7 276
-12 8 268
-12 -8 292
-12 9 267
-12 -9 300
-11 0 273
-11 1 265
-11 -1 262
-11 10 289
-11 -10 264
-11 11 292
-11 -11 252
-11 12 285
-11 -12 285
-11 13 286
-11 -13 302
-11 14 308
-11 -14 267
-11 15 269
-11 -15 268
-11 16 256
-11 -16 276
-11 17 283
-11 -17 300
-11 18 257
-11 -18 284
-11 19 282
-11 -19 297
-11 2 295
-11 -2 286
-11 20 287
-11 -20 257
-11 21 313
-11 -21 324
-11 22 260
-11 -22 305
-11 23 289
-11 -23 283
-11 24 303
-11 -24 279
-11 25 229
-11 -25 296
-11 26 121
-11 -26 138
-11 27 29
-11 -27 26
-11 28 5
-11 -28 8
-11 29 1
-11 -29 4
-11 3 252
-11 -3 276
-11 30 1
-11 4 244
-11 -4 261
-11 5 269
-11 -5 260
-11 6 275
-11 -6 259
-11 7 267
-11 -7 288
-11 8 277
-11 -8 262
-11 9 268
-11 -9 246
-10 0 300
-10 1 266
-10 -1 285
-10 10 250
-10 -10 260
-10 11 276
-10 -11 265
-10 12 279
-10 -12 265
-10 13 280
-10 -13 285
-10 14 272
-10 -14 247
-10 15 285
-10 -15 284
-10 16 277
-10 -16 260
-10 17 283
-10 -17 270
-10 18 278
-10 -18 314
-10 19 300
-10 -19 301
-10 2 237
-10 -2 262
-10 20 317
-10 -20 293
-10 21 313
-10 -21 302
-10 22 288
-10 -22 310
-10 23 299
-10 -23 282
-10 24 272
-10 -24 316
-10 25 237
-10 -25 313
-10 26 116
-10 -26 139
-10 27 32
-10 -27 34
-10 28 4
-10 -28 6
-10 29 1
-10 -29 4
-10 3 286
-10 -3 266
-10 4 254
-10 -4 245
-10 5 270
-10 -5 257
-10 6 257
-10 -6 270
-10 7 258
-10 -7 249
-10 8 312
-10 -8 286
-10 9 288
-10 -9 268
-9 0 266
-9 1 245
-9 -1 268
-9 10 286
-9 -10 272
-9 11 268
-9 -11 264
-9 12 286
-9 -12 288
-9 13 292
-9 -13 256
-9 14 298
-9 -14 296
-9 15 290
-9 -15 286
-9 16 294
-9 -16 283
-9 17 281
-9 -17 284
-9 18 282
-9 -18 276
-9 19 299
-9 -19 279
-9 2 255
-9 -2 258
-9 20 292
-9 -20 285
-9 21 262
-9 -21 298
-9 22 309
-9 -22 291
-9 23 328
-9 -23 273
-9 24 276
-9 -24 288
-9 25 260
-9 -25 286
-9 26 121
-9 -26 154
-9 27 17
-9 -27 39
-9 28 7
-9 -28 7
-9 29 2
-9 -29 1
-9 3 249
-9 -3 264
-9 4 299
-9 -4 260
-9 5 290
-9 -5 241
-9 6 271
-9 -6 273
-9 7 252
-9 -7 250
-9 8 273
-9 -8 270
-9 9 259
-9 -9 268
-8 0 243
-8 1 244
-8 -1 271
-8 10 302
-8 -10 271
-8 11 275
-8 -11 270
-8 12 286
-8 -12 261
-8 13 270
-8 -13 280
-8 14 266
-8 -14 283
-8 15 271
-8 -15 281
-8 16 256
-8 -16 310
-8 17 272
-8 -17 265
-8 18 271
-8 -18 285
-8 19 302
-8 -19 287
-8 2 282
-8 -2 284
-8 20 312
-8 -20 317
-8 21 337
-8 -21 313
-8 22 271
-8 -22 291
-8 23 283
-8 -23 290
-8 24 286
-8 -24 289
-8 25 255
-8 -25 271
-8 26 114
-8 -26 177
-8 27 28
-8 -27 29
-8 28 2
-8 -28 4
-8 29 1
-8 -29 2
-8 3 271
-8 -3 262
-8 4 268
-8 -4 261
-8 5 269
-8 -5 248
-8 6 270
-8 -6 278
-8 7 283
-8 -7 249
-8 8 257
-8 -8 280
-8 9 277
-8 -9 272
-7 0 277
-7 1 263
-7 -1 285
-7 10 281
-7 -10 281
-7 11 271
-7 -11 258
-7 12 246
-7 -12 291
-7 13 295
-7 -13 288
-7 14 285
-7 -14 282
-7 15 301
-7 -15 277
-7 16 284
-7 -16 295
-7 17 292
-7 -17 244
-7 18 287
-7 -18 275
-7 19 277
-7 -19 288
-7 2 292
-7 -2 249
-7 20 286
-7 -20 271
-7 21 272
-7 -21 315
-7 22 306
-7 -22 288
-7 23 273
-7 -23 295
-7 24 259
-7 -24 309
-7 25 241
-7 -25 316
-7 26 115
-7 -26 137
-7 27 30
-7 -27 29
-7 28 8
-7 -28 5
-7 29 2
-7 -29 1
-7 3 252
-7 -3 250
-7 4 273
-7 -4 278
-7 5 247
-7 -5 272
-7 6 266
-7 -6 275
-7 7 266
-7 -7 293
-7 8 249
-7 -8 309
-7 9 245
-7 -9 283
-6 0 273
-6 1 251
-6 -1 257
-6 10 259
-6 -10 284
-6 11 268
-6 -11 294
-6 12 289
-6 -12 244
-6 13 292
-6 -13 298
-6 14 291
-6 -14 292
-6 15 272
-6 -15 289
-6 16 289
-6 -16 285
-6 17 268
-6 -17 278
-6 18 315
-6 -18 258
-6 19 302
-6 -19 264
-6 2 248
-6 -2 245
-6 20 280
-6 -20 277
-6 21 319
-6 -21 296
-6 22 294
-6 -22 314
-6 23 296
-6 -23 298
-6 24 283
-6 -24 293
-6 25 271
-6 -25 268
-6 26 116
-6 -26 145
-6 27 22
-6 -27 36
-6 28 2
-6 -28 11
-6 29 2
-6 3 272
-6 -3 285
-6 4 255
-6 -4 224
-6 5 247
-6 -5 265
-6 6 265
-6 -6 244
-6 7 285
-6 -7 271
-6 8 268
-6 -8 268
-6 9 279
-6 -9 292
-5 0 256
-5 1 255
-5 -1 261
-5 10 282
-5 -10 256
-5 11 286
-5 -11 260
-5 12 261
-5 -12 269
-5 13 252
-5 -13 272
-5 14 250
-5 -14 265
-5 15 252
-5 -15 301
-5 16 294
-5 -16 285
-5 17 285
-5 -17 264
-5 18 286
-5 -18 267
-5 19 286
-5 -19 256
-5 2 233
-5 -2 254
-5 20 278
-5 -20 307
-5 21 317
-5 -21 275
-5 22 298
-5 -22 271
-5 23 291
-5 -23 254
-5 24 280
-5 -24 285
-5 25 254
-5 -25 300
-5 26 111
-5 -26 154
-5 27 23
-5 -27 34
-5 28 8
-5 -28 9
-5 29 2
-5 -29 2
-5 3 273
-5 -3 261
-5 30 1
-5 4 257
-5 -4 263
-5 5 268
-5 -5 263
-5 6 269
-5 -6 263
-5 7 276
-5 -7 286
-5 8 251
-5 -8 246
-5 9 282
-5 -9 264
-4 0 266
-4 1 279
-4 -1 269
-4 10 269
-4 -10 260
-4 11 283
-4 -11 272
-4 12 282
-4 -12 251
-4 13 282
-4 -13 239
-4 14 257
-4 -14 285
-4 15 268
-4 -15 285
-4 16 282
-4 -16 290
-4 17 284
-4 -17 296
-4 18 290
-4 -18 261
-4 19 246
-4 -19 278
-4 2 239
-4 -2 273
-4 20 269
-4 -20 284
-4 21 305
-4 -21 293
-4 22 303
-4 -22 283
-4 23 305
-4 -23 293
-4 24 301
-4 -24 287
-4 25 268
-4 -25 303
-4 26 103
-4 -26 148
-4 27 22
-4 -27 34
-4 28 5
-4 -28 8
-4 29 1
-4 -29 3
-4 3 265
-4 -3 264
-4 -30 1
-4 4 253
-4 -4 264
-4 5 249
-4 -5 255
-4 6 251
-4 -6 241
-4 7 277
-4 -7 265
-4 8 277
-4 -8 243
-4 9 268
-4 -9 264
-3 0 245
-3 1 243
-3 -1 263
-3 10 264
-3 -10 300
-3 11 260
-3 -11 247
-3 12 244
-3 -12 300
-3 13 259
-3 -13 255
-3 14 274
-3 -14 246
-3 15 267
-3 -15 269
-3 16 281
-3 -16 280
-3 17 276
-3 -17 264
-3 18 273
-3 -18 306
-3 19 274
-3 -19 309
-3 2 261
-3 -2 252
-3 20 301
-3 -20 260
-3 21 293
-3 -21 306
-3 22 271
-3 -22 305
-3 23 267
-3 -23 317
-3 24 275
-3 -24 288
-3 25 271
-3 -25 288
-3 26 108
-3 -26 139
-3 27 25
-3 -27 38
-3 28 5
-3 -28 9
-3 29 3
-3 -29 2
-3 3 246
-3 -3 242
-3 30 1
-3 4 271
-3 -4 264
-3 5 258
-3 -5 240
-3 6 257
-3 -6 256
-3 7 272
-3 -7 254
-3 8 276
-3 -8 274
-3 9 270
-3 -9 246
-2 0 283
-2 1 242
-2 -1 250
-2 10 267
-2 -10 299
-2 11 271
-2 -11 269
-2 12 269
-2 -12 267
-2 13 251
-2 -13 265
-2 14 268
-2 -14 286
-2 15 263
-2 -15 283
-2 16 298
-2 -16 286
-2 17 285
-2 -17 325
-2 18 284
-2 -18 306
-2 19 310
-2 -19 290
-2 2 247
-2 -2 251
-2 20 298
-2 -20 301
-2 21 267
-2 -21 281
-2 22 310
-2 -22 286
-2 23 321
-2 -23 294
-2 24 295
-2 -24 298
-2 25 273
-2 -25 308
-2 26 122
-2 -26 152
-2 27 31
-2 -27 31
-2 28 5
-2 -28 7
-2 29 2
-2 3 280
-2 -3 277
-2 4 242
-2 -4 269
-2 5 268
-2 -5 256
-2 6 249
-2 -6 258
-2 7 286
-2 -7 279
-2 8 286
-2 -8 255
-2 9 251
-2 -9 278
-1 0 250
-1 1 234
-1 -1 248
-1 10 286
-1 -10 246
-1 11 241
-1 -11 294
-1 12 277
-1 -12 271
-1 13 259
-1 -13 274
-1 14 289
-1 -14 287
-1 15 261
-1 -15 297
-1 16 280
-1 -16 302
-1 17 274
-1 -17 296
-1 18 320
-1 -18 287
-1 19 306
-1 -19 278
-1 2 247
-1 -2 267
-1 20 285
-1 -20 296
-1 21 296
-1 -21 300
-1 22 296
-1 -22 312
-1 23 299
-1 -23 276
-1 24 293
-1 -24 271
-1 25 261
-1 -25 271
-1 26 103
-1 -26 173
-1 27 31
-1 -27 33
-1 28 9
-1 -28 7
-1 29 2
-1 -29 3
-1 3 263
-1 -3 275
-1 -30 1
-1 4 268
-1 -4 293
-1 5 255
-1 -5 274
-1 6 266
-1 -6 268
-1 7 300
-1 -7 262
-1 8 242
-1 -8 276
-1 9 275
-1 -9 277
0 0 267
0 1 247
0 -1 297
0 10 273
0 -10 254
0 11 284
0 -11 280
0 12 262
0 -12 304
0 13 252
0 -13 265
0 14 264
0 -14 252
0 15 258
0 -15 276
0 16 270
0 -16 289
0 17 263
0 -17 309
0 18 298
0 -18 285
0 19 259
0 -19 272
0 2 292
0 -2 274
0 20 262
0 -20 272
0 21 271
0 -21 309
0 22 286
0 -22 265
0 23 299
0 -23 319
0 24 303
0 -24 307
0 25 236
0 -25 307
0 26 111
0 -26 132
0 27 23
0 -27 38
0 28 6
0 -28 4
0 29 1
0 -29 1
0 3 269
0 -3 264
0 -30 1
0 4 260
0 -4 265
0 5 267
0 -5 259
0 6 253
0 -6 259
0 7 233
0 -7 248
0 8 254
0 -8 281
0 9 236
0 -9 268
1 0 238
1 1 238
1 -1 250
1 10 280
1 -10 263
1 11 279
1 -11 265
1 12 267
1 -12 257
1 13 277
1 -13 271
1 14 284
1 -14 257
1 15 266
1 -15 277
1 16 262
1 -16 279
1 17 280
1 -17 274
1 18 290
1 -18 280
1 19 292
1 -19 281
1 2 240
1 -2 267
1 20 287
1 -20 293
1 21 292
1 -21 278
1 22 271
1 -22 300
1 23 312
1 -23 316
1 24 281
1 -24 318
1 25 237
1 -25 283
1 26 93
1 -26 164
1 27 32
1 -27 44
1 28 5
1 -28 7
1 29 2
1 -29 1
1 3 246
1 -3 250
1 4 283
1 -4 234
1 5 292
1 -5 262
1 6 243
1 -6 266
1 7 271
1 -7 241
1 8 261
1 -8 263
1 9 254
1 -9 247
2 0 271
2 1 253
2 -1 221
2 10 272
2 -10 283
2 11 275
2 -11 258
2 12 301
2 -12 283
2 13 293
2 -13 279
2 14 300
2 -14 289
2 15 291
2 -15 287
2 16 269
2 -16 259
2 17 297
2 -17 306
2 18 299
2 -18 305
2 19 275
2 -19 287
2 2 237
2 -2 255
2 20 282
2 -20 288
2 21 302
2 -21 297
2 22 301
2 -22 290
2 23 287
2 -23 288
2 24 318
2 -24 271
2 25 233
2 -25 271
2 26 119
2 -26 171
2 27 30
2 -27 45
2 28 3
2 -28 4
2 29 1
2 -29 1
2 3 250
2 -3 276
2 4 273
2 -4 271
2 5 271
2 -5 252
2 6 273
2 -6 248
2 7 257
2 -7 272
2 8 250
2 -8 268
2 9 261
2 -9 263
3 0 254
3 1 278
3 -1 280
3 10 285
3 -10 274
3 11 251
3 -11 285
3 12 261
3 -12 255
3 13 262
3 -13 281
3 14 282
3 -14 292
3 15 258
3 -15 276
3 16 276
3 -16 307
3 17 288
3 -17 285
3 18 285
3 -18 284
3 19 265
3 -19 281
3 2 269
3 -2 284
3 20 298
3 -20 275
3 21 299
3 -21 304
3 22 280
3 -22 284
3 23 321
3 -23 274
3 24 312
3 -24 295
3 25 263
3 -25 282
3 26 112
3 -26 135
3 27 28
3 -27 43
3 28 6
3 -28 7
3 -29 2
3 3 257
3 -3 252
3 4 267
3 -4 271
3 5 243
3 -5 256
3 6 257
3 -6 260
3 7 266
3 -7 272
3 8 240
3 -8 287
3 9 257
3 -9 290
4 0 255
4 1 249
4 -1 287
4 10 268
4 -10 268
4 11 252
4 -11 269
4 12 270
4 -12 239
4 13 273
4 -13 261
4 14 250
4 -14 279
4 15 288
4 -15 283
4 16 281
4 -16 261
4 17 266
4 -17 292
4 18 284
4 -18 284
4 19 323
4 -19 278
4 2 254
4 -2 247
4 20 290
4 -20 299
4 21 313
4 -21 284
4 22 295
4 -22 296
4 23 298
4 -23 280
4 24 288
4 -24 303
4 25 242
4 -25 273
4 26 114
4 -26 142
4 27 14
4 -27 44
4 28 7
4 -28 5
4 29 2
4 -29 3
4 3 276
4 -3 259
4 4 290
4 -4 246
4 5 271
4 -5 272
4 6 262
4 -6 263
4 7 279
4 -7 278
4 8 255
4 -8 275
4 9 258
4 -9 274
5 0 253
5 1 249
5 -1 267
5 10 262
5 -10 258
5 11 240
5 -11 248
5 12 269
5 -12 265
5 13 257
5 -13 280
5 14 269
5 -14 282
5 15 283
5 -15 267
5 16 256
5 -16 291
5 17 283
5 -17 279
5 18 297
5 -18 288
5 19 295
5 -19 302
5 2 260
5 -2 235
5 20 319
5 -20 272
5 21 262
5 -21 294
5 22 305
5 -22 321
5 23 300
5 -23 276
5 24 300
5 -24 316
5 25 222
5 -25 271
5 26 111
5 -26 129
5 27 33
5 -27 31
5 28 8
5 -28 5
5 29 1
5 -29 1
5 3 266
5 -3 263
5 4 237
5 -4 266
5 5 281
5 -5 233
5 6 273
5 -6 266
5 7 241
5 -7 277
5 8 282
5 -8 280
5 9 255
5 -9 264
6 0 239
6 1 254
6 -1 265
6 10 288
6 -10 258
6 11 270
6 -11 256
6 12 252
6 -12 258
6 13 268
6 -13 268
6 14 241
6 -14 286
6 15 279
6 -15 293
6 16 271
6 -16 270
6 17 286
6 -17 310
6 18 302
6 -18 283
6 19 303
6 -19 276
6 2 255
6 -2 246
6 20 313
6 -20 284
6 21 293
6 -21 275
6 22 278
6 -22 287
6 23 315
6 -23 277
6 24 318
6 -24 303
6 25 258
6 -25 311
6 26 104
6 -26 134
6 27 19
6 -27 36
6 28 7
6 -28 5
6 -29 1
6 3 282
6 -3 261
6 -30 1
6 4 258
6 -4 277
6 5 286
6 -5 259
6 6 235
6 -6 290
6 7 261
6 -7 267
6 8 238
6 -8 265
6 9 278
6 -9 269
7 0 252
7 1 274
7 -1 253
7 10 257
7 -10 267
7 11 288
7 -11 275
7 12 260
7 -12 288
7 13 298
7 -13 294
7 14 258
7 -14 278
7 15 290
7 -15 271
7 16 288
7 -16 274
7 17 288
7 -17 318
7 18 296
7 -18 297
7 19 281
7 -19 312
7 2 269
7 -2 265
7 20 297
7 -20 289
7 21 309
7 -21 269
7 22 289
7 -22 282
7 23 306
7 -23 294
7 24 282
7 -24 263
7 25 228
7 -25 291
7 26 111
7 -26 153
7 27 24
7 -27 31
7 28 6
7 -28 6
7 29 3
7 -29 1
7 3 263
7 -3 277
7 4 261
7 -4 267
7 5 282
7 -5 260
7 6 259
7 -6 251
7 7 308
7 -7 234
7 8 264
7 -8 250
7 9 271
7 -9 281
8 0 258
8 1 254
8 -1 288
8 10 263
8 -10 302
8 11 257
8 -11 260
8 12 283
8 -12 311
8 13 269
8 -13 264
8 14 266
8 -14 292
8 15 258
8 -15 261
8 16 276
8 -16 275
8 17 285
8 -17 261
8 18 280
8 -18 286
8 19 287
8 -19 252
8 2 229
8 -2 261
8 20 285
8 -20 262
8 21 289
8 -21 299
8 22 275
8 -22 318
8 23 272
8 -23 310
8 24 296
8 -24 305
8 25 261
8 -25 304
8 26 114
8 -26 152
8 27 27
8 -27 47
8 28 3
8 -28 6
8 3 255
8 -3 271
8 30 1
8 -30 1
8 4 258
8 -4 273
8 5 270
8 -5 266
8 6 275
8 -6 241
8 7 262
8 -7 263
8 8 255
8 -8 256
8 9 287
8 -9 305
9 0 255
9 1 298
9 -1 276
9 10 270
9 -10 261
9 11 268
9 -11 280
9 12 249
9 -12 301
9 13 283
9 -13 298
9 14 271
9 -14 289
9 15 273
9 -15 292
9 16 274
9 -16 288
9 17 276
9 -17 288
9 18 306
9 -18 291
9 19 281
9 -19 323
9 2 247
9 -2 268
9 20 289
9 -20 310
9 21 301
9 -21 306
9 22 275
9 -22 278
9 23 309
9 -23 324
9 24 310
9 -24 286
9 25 231
9 -25 267
9 26 109
9 -26 161
9 27 28
9 -27 33
9 28 3
9 -28 6
9 29 3
9 3 250
9 -3 262
9 4 246
9 -4 258
9 5 298
9 -5 262
9 6 271
9 -6 248
9 7 264
9 -7 261
9 8 282
9 -8 253
9 9 261
9 -9 224
10 0 290
10 1 277
10 -1 281
10 10 244
10 -10 271
10 11 261
10 -11 263
10 12 278
10 -12 257
10 13 279
10 -13 279
10 14 290
10 -14 254
10 15 305
10 -15 290
10 16 301
10 -16 295
10 17 303
10 -17 302
10 18 284
10 -18 299
10 19 289
10 -19 278
10 2 254
10 -2 257
10 20 268
10 -20 277
10 21 266
10 -21 293
10 22 299
10 -22 278
10 23 284
10 -23 282
10 24 314
10 -24 308
10 25 249
10 -25 326
10 26 100
10 -26 152
10 27 25
10 -27 34
10 28 3
10 -28 6
10 29 3
10 -29 2
10 3 289
10 -3 277
10 31 1
10 4 268
10 -4 271
10 5 266
10 -5 283
10 6 257
10 -6 246
10 7 262
10 -7 244
10 8 310
10 -8 253
10 9 264
10 -9 257
11 0 285
11 1 232
11 -1 243
11 10 269
11 -10 257
11 11 263
11 -11 266
11 12 297
11 -12 269
11 13 276
11 -13 255
11 14 284
11 -14 275
11 15 274
11 -15 274
11 16 258
11 -16 268
11 17 306
11 -17 310
11 18 285
11 -18 286
11 19 287
11 -19 306
11 2 270
11 -2 247
11 20 298
11 -20 305
11 21 306
11 -21 279
11 22 324
11 -22 295
11 23 293
11 -23 289
11 24 268
11 -24 283
11 25 246
11 -25 269
11 26 100
11 -26 151
11 27 26
11 -27 43
11 28 5
11 -28 4
11 29 1
11 -29 2
11 3 266
11 -3 248
11 4 293
11 -4 249
11 5 277
11 -5 262
11 6 278
11 -6 266
11 7 284
11 -7 265
11 8 266
11 -8 261
11 9 253
11 -9 257
12 0 257
12 1 263
12 -1 253
12 10 291
12 -10 281
12 11 290
12 -11 289
12 12 253
12 -12 257
12 13 304
12 -13 286
12 14 307
12 -14 288
12 15 289
12 -15 263
12 16 280
12 -16 294
12 17 305
12 -17 267
12 18 277
12 -18 328
12 19 269
12 -19 288
12 2 239
12 -2 272
12 20 301
12 -20 291
12 21 286
12 -21 297
12 22 301
12 -22 302
12 23 292
12 -23 293
12 24 294
12 -24 303
12 25 232
12 -25 290
12 26 106
12 -26 148
12 27 31
12 -27 31
12 28 4
12 -28 6
12 29 1
12 3 253
12 -3 246
12 30 1
12 4 274
12 -4 279
12 5 275
12 -5 262
12 6 274
12 -6 280
12 7 265
12 -7 259
12 8 288
12 -8 255
12 9 278
12 -9 275
13 0 258
13 1 255
13 -1 273
13 10 254
13 -10 289
13 11 267
13 -11 275
13 12 262
13 -12 267
13 13 278
13 -13 300
13 14 286
13 -14 286
13 15 287
13 -15 259
13 16 291
13 -16 309
13 17 330
13 -17 298
13 18 279
13 -18 290
13 19 292
13 -19 299
13 2 280
13 -2 264
13 20 290
13 -20 286
13 21 285
13 -21 295
13 22 295
13 -22 280
13 23 285
13 -23 293
13 24 266
13 -24 284
13 25 262
13 -25 267
13 26 103
13 -26 153
13 27 27
13 -27 32
13 28 7
13 -28 5
13 3 254
13 -3 270
13 4 294
13 -4 262
13 5 269
13 -5 280
13 6 269
13 -6 268
13 7 271
13 -7 248
13 8 271
13 -8 278
13 9 273
13 -9 293
14 0 258
14 1 242
14 -1 287
14 10 261
14 -10 260
14 11 258
14 -11 274
14 12 282
14 -12 276
14 13 275
14 -13 301
14 14 268
14 -14 246
14 15 274
14 -15 312
14 16 302
14 -16 280
14 17 294
14 -17 307
14 18 280
14 -18 291
14 19 263
14 -19 315
14 2 285
14 -2 268
14 20 288
14 -20 291
14 21 317
14 -21 285
14 22 290
14 -22 279
14 23 270
14 -23 275
14 24 293
14 -24 301
14 25 232
14 -25 292
14 26 114
14 -26 154
14 27 21
14 -27 25
14 28 6
14 -28 4
14 29 1
14 -29 4
14 3 289
14 -3 257
14 4 263
14 -4 265
14 5 288
14 -5 273
14 6 263
14 -6 266
14 7 280
14 -7 299
14 8 264
14 -8 295
14 9 277
14 -9 276
15 0 279
15 1 266
15 -1 277
15 10 304
15 -10 295
15 11 274
15 -11 296
15 12 274
15 -12 288
15 13 283
15 -13 303
15 14 286
15 -14 266
15 15 272
15 -15 283
15 16 257
15 -16 314
15 17 291
15 -17 272
15 18 257
15 -18 313
15 19 301
15 -19 253
15 2 278
15 -2 275
15 20 301
15 -20 304
15 21 316
15 -21 299
15 22 297
15 -22 285
15 23 277
15 -23 262
15 24 300
15 -24 286
15 25 248
15 -25 311
15 26 112
15 -26 142
15 27 27
15 -27 34
15 28 10
15 -28 1
15 3 271
15 -3 259
15 -30 1
15 4 270
15 -4 278
15 5 270
15 -5 284
15 6 304
15 -6 304
15 7 289
15 -7 281
15 8 290
15 -8 287
15 9 251
15 -9 289
16 0 288
16 1 272
16 -1 277
16 10 278
16 -10 285
16 11 289
16 -11 284
16 12 256
16 -12 246
16 13 289
16 -13 276
16 14 273
16 -14 277
16 15 306
16 -15 314
16 16 290
16 -16 262
16 17 308
16 -17 296
16 18 291
16 -18 294
16 19 282
16 -19 287
16 2 308
16 -2 247
16 20 307
16 -20 297
16 21 304
16 -21 274
16 22 303
16 -22 274
16 23 284
16 -23 300
16 24 282
16 -24 275
16 25 237
16 -25 286
16 26 94
16 -26 145
16 27 41
16 -27 32
16 28 5
16 -28 3
16 -29 1
16 3 290
16 -3 294
16 -30 1
16 4 251
16 -4 273
16 5 303
16 -5 276
16 6 309
16 -6 274
16 7 301
16 -7 321
16 8 289
16 -8 280
16 9 275
16 -9 269
17 0 282
17 1 251
17 -1 278
17 10 262
17 -10 289
17 11 285
17 -11 318
17 12 300
17 -12 279
17 13 299
17 -13 271
17 14 290
17 -14 278
17 15 283
17 -15 292
17 16 277
17 -16 303
17 17 269
17 -17 283
17 18 298
17 -18 314
17 19 272
17 -19 282
17 2 273
17 -2 303
17 20 284
17 -20 275
17 21 287
17 -21 334
17 22 302
17 -22 291
17 23 293
17 -23 320
17 24 267
17 -24 277
17 25 246
17 -25 268
17 26 120
17 -26 141
17 27 23
17 -27 40
17 28 3
17 -28 3
17 29 1
17 3 264
17 -3 295
17 30 1
17 4 302
17 -4 295
17 5 308
17 -5 289
17 6 288
17 -6 283
17 7 274
17 -7 304
17 8 273
17 -8 290
17 9 275
17 -9 291
18 0 297
18 1 286
18 -1 312
18 10 272
18 -10 325
18 11 300
18 -11 300
18 12 281
18 -12 293
18 13 286
18 -13 326
18 14 264
18 -14 293
18 15 281
18 -15 284
18 16 305
18 -16 283
18 17 298
18 -17 288
18 18 289
18 -18 318
18 19 300
18 -19 281
18 2 290
18 -2 294
18 20 297
18 -20 295
18 21 314
18 -21 271
18 22 277
18 -22 284
18 23 307
18 -23 327
18 24 297
18 -24 311
18 25 261
18 -25 326
18 26 105
18 -26 134
18 27 23
18 -27 33
18 28 3
18 -28 3
18 3 286
18 -3 264
18 30 1
18 4 270
18 -4 281
18 5 280
18 -5 292
18 6 327
18 -6 291
18 7 281
18 -7 265
18 8 287
18 -8 285
18 9 270
18 -9 269
19 0 276
19 1 301
19 -1 286
19 10 288
19 -10 277
19 11 272
19 -11 268
19 12 270
19 -12 266
19 13 305
19 -13 292
19 14 299
19 -14 306
19 15 323
19 -15 277
19 16 291
19 -16 296
19 17 289
19 -17 296
19 18 277
19 -18 299
19 19 267
19 -19 289
19 2 278
19 -2 261
19 20 278
19 -20 288
19 21 254
19 -21 300
19 22 288
19 -22 306
19 23 279
19 -23 302
19 24 275
19 -24 284
19 25 239
19 -25 284
19 26 111
19 -26 149
19 27 21
19 -27 20
19 28 5
19 -28 6
19 29 1
19 3 285
19 -3 290
19 -30 1
19 4 300
19 -4 284
19 5 301
19 -5 283
19 6 311
19 -6 293
19 7 294
19 -7 300
19 8 282
19 -8 278
19 9 288
19 -9 269
20 0 268
20 1 282
20 -1 274
20 10 315
20 -10 285
20 11 287
20 -11 292
20 12 287
20 -12 274
20 13 306
20 -13 289
20 14 302
20 -14 293
20 15 280
20 -15 312
20 16 309
20 -16 297
20 17 262
20 -17 281
20 18 303
20 -18 300
20 19 285
20 -19 321
20 2 284
20 -2 288
20 20 312
20 -20 290
20 21 309
20 -21 295
20 22 281
20 -22 291
20 23 291
20 -23 282
20 24 302
20 -24 287
20 25 266
20 -25 294
20 26 101
20 -26 146
20 27 29
20 -27 37
20 28 8
20 -28 6
20 29 1
20 3 286
20 -3 302
20 4 271
20 -4 292
20 5 291
20 -5 302
20 6 299
20 -6 299
20 7 276
20 -7 292
20 8 271
20 -8 285
20 9 299
20 -9 301
21 0 293
21 1 262
21 -1 301
21 10 324
21 -10 298
21 11 304
21 -11 300
21 12 309
21 -12 285
21 13 298
21 -13 279
21 14 297
21 -14 294
21 15 308
21 -15 278
21 16 302
21 -16 282
21 17 262
21 -17 287
21 18 285
21 -18 270
21 19 299
21 -19 324
21 2 298
21 -2 287
21 20 288
21 -20 261
21 21 296
21 -21 302
21 22 299
21 -22 300
21 23 297
21 -23 272
21 24 276
21 -24 298
21 25 249
21 -25 308
21 26 101
21 -26 136
21 27 13
21 -27 35
21 28 4
21 -28 1
21 29 2
21 3 286
21 -3 288
21 4 293
21 -4 300
21 5 285
21 -5 265
21 6 266
21 -6 310
21 7 276
21 -7 327
21 8 271
21 -8 277
21 9 282
21 -9 287
22 0 300
22 1 286
22 -1 297
22 10 300
22 -10 302
22 11 286
22 -11 292
22 12 314
22 -12 297
22 13 259
22 -13 296
22 14 286
22 -14 295
22 15 289
22 -15 309
22 16 308
22 -16 295
22 17 267
22 -17 319
22 18 305
22 -18 269
22 19 293
22 -19 299
22 2 296
22 -2 278
22 20 277
22 -20 279
22 21 313
22 -21 277
22 22 284
22 -22 291
22 23 311
22 -23 313
22 24 294
22 -24 292
22 25 251
22 -25 305
22 26 106
22 -26 138
22 27 20
22 -27 24
22 28 3
22 -28 4
22 3 262
22 -3 303
22 4 301
22 -4 324
22 5 282
22 -5 314
22 6 278
22 -6 292
22 7 269
22 -7 297
22 8 293
22 -8 316
22 9 305
22 -9 295
23 0 288
23 1 328
23 -1 289
23 10 304
23 -10 278
23 11 308
23 -11 292
23 12 296
23 -12 290
23 13 302
23 -13 287
23 14 291
23 -14 289
23 15 293
23 -15 305
23 16 291
23 -16 288
23 17 320
23 -17 309
23 18 269
23 -18 299
23 19 259
23 -19 313
23 2 289
23 -2 284
23 20 265
23 -20 296
23 21 280
23 -21 285
23 22 310
23 -22 307
23 23 269
23 -23 274
23 24 283
23 -24 333
23 25 246
23 -25 298
23 26 81
23 -26 120
23 27 18
23 -27 19
23 28 2
23 -28 1
23 3 296
23 -3 295
23 4 295
23 -4 312
23 5 291
23 -5 276
23 6 289
23 -6 260
23 7 292
23 -7 311
23 8 270
23 -8 270
23 9 301
23 -9 311
24 0 280
24 1 290
24 -1 319
24 10 300
24 -10 300
24 11 287
24 -11 288
24 12 280
24 -12 322
24 13 306
24 -13 298
24 14 298
24 -14 295
24 15 318
24 -15 316
24 16 260
24 -16 289
24 17 285
24 -17 315
24 18 296
24 -18 312
24 19 284
24 -19 292
24 2 301
24 -2 309
24 20 294
24 -20 291
24 21 314
24 -21 292
24 22 287
24 -22 281
24 23 295
24 -23 302
24 24 308
24 -24 260
24 25 228
24 -25 285
24 26 83
24 -26 142
24 27 14
24 -27 22
24 -28 3
24 3 293
24 -3 271
24 4 306
24 -4 296
24 5 305
24 -5 313
24 6 304
24 -6 290
24 7 274
24 -7 311
24 8 298
24 -8 296
24 9 257
24 -9 275
25 0 292
25 1 272
25 -1 278
25 10 279
25 -10 321
25 11 279
25 -11 277
25 12 305
25 -12 282
25 13 312
25 -13 300
25 14 283
25 -14 296
25 15 289
25 -15 323
25 16 283
25 -16 286
25 17 292
25 -17 287
25 18 302
25 -18 284
25 19 321
25 -19 297
25 2 295
25 -2 293
25 20 292
25 -20 300
25 21 289
25 -21 301
25 22 295
25 -22 279
25 23 279
25 -23 279
25 24 334
25 -24 293
25 25 202
25 -25 298
25 26 60
25 -26 108
25 27 4
25 -27 16
25 28 1
25 -28 2
25 3 272
25 -3 300
25 4 309
25 -4 303
25 5 320
25 -5 305
25 6 322
25 -6 260
25 7 289
25 -7 285
25 8 302
25 -8 312
25 9 290
25 -9 302
26 0 181
26 1 180
26 -1 166
26 10 168
26 -10 169
26 11 161
26 -11 182
26 12 179
26 -12 169
26 13 172
26 -13 147
26 14 186
26 -14 160
26 15 175
26 -15 186
26 16 151
26 -16 161
26 17 190
26 -17 176
26 18 158
26 -18 180
26 19 172
26 -19 168
26 2 164
26 -2 188
26 20 183
26 -20 155
26 21 181
26 -21 153
26 22 162
26 -22 150
26 23 165
26 -23 173
26 24 152
26 -24 147
26 25 86
26 -25 167
26 26 19
26 -26 29
26 27 3
26 -27 11
26 3 188
26 -3 180
26 4 184
26 -4 167
26 5 181
26 -5 161
26 6 157
26 -6 169
26 7 154
26 -7 153
26 8 181
26 -8 171
26 9 171
26 -9 154
27 0 26
27 1 29
27 -1 35
27 10 26
27 -10 29
27 11 21
27 -11 22
27 12 29
27 -12 26
27 13 23
27 -13 32
27 14 17
27 -14 26
27 15 27
27 -15 31
27 16 18
27 -16 29
27 17 25
27 -17 28
27 18 14
27 -18 25
27 19 24
27 -19 28
27 2 25
27 -2 25
27 20 9
27 -20 28
27 21 17
27 -21 16
27 22 9
27 -22 25
27 23 7
27 -23 18
27 24 7
27 -24 6
27 25 3
27 -25 3
27 26 2
27 -26 4
27 27 1
27 -27 2
27 -28 1
27 3 23
27 -3 39
27 4 25
27 -4 25
27 5 24
27 -5 23
27 6 35
27 -6 23
27 7 20
27 -7 30
27 8 14
27 -8 25
27 9 18
27 -9 24
28 0 7
28 1 4
28 -1 9
28 10 6
28 -10 7
28 11 8
28 -11 3
28 12 8
28 -12 7
28 13 9
28 -13 5
28 14 8
28 -14 9
28 15 9
28 -15 9
28 16 2
28 -16 8
28 17 6
28 -17 7
28 18 2
28 -18 7
28 19 2
28 -19 6
28 2 5
28 -2 5
28 20 4
28 -20 6
28 21 2
28 -21 8
28 -22 5
28 -24 1
28 -29 1
28 3 4
28 -3 10
28 4 6
28 -4 8
28 5 4
28 -5 7
28 6 6
28 -6 7
28 7 2
28 -7 6
28 8 2
28 -8 6
28 9 6
28 -9 4
29 0 5
29 1 1
29 -1 1
29 10 2
29 11 2
29 -12 2
29 -13 3
29 -14 1
29 -16 3
29 17 2
29 18 2
29 -18 4
29 -19 1
29 2 2
29 -2 4
29 -20 1
29 3 2
29 -3 2
29 4 3
29 -4 1
29 5 2
29 -5 2
29 6 1
29 -6 1
29 7 3
29 -7 3
29 8 4
29 -8 1
29 9 2
29 -9 2
30 1 1
30 10 1
30 12 1
30 -12 1
30 -13 2
30 14 1
30 -14 1
30 -15 2
30 -3 1
30 -7 1
30 9 1
31 -11 1
31 7 1
33 -1 1
